|0|.............152 132 1|
|0|.............000 000 0|
|0|.............000 000 0|
|0|.............216 098 1|
|0|.............000 000 0|
|0|.............000 000 0|
|0|.............160 062 1|
|0|.............000 000 0|
|0|.............000 000 0|
|0|.............076 062 1|
|0|.............000 000 0|
|0|.............000 000 0|
|0|.............160 176 1|
|0|.............000 000 0|
|0|.............000 000 0|
|0|.............154 098 1|
|0|.............000 000 0|
|0|.............000 000 0|
|0|.............048 098 1|
|0|.............000 000 0|
|0|.............000 000 0|
|0|.............180 062 1|
|0|.............000 000 0|
|0|.............000 000 0|
|0|.............096 062 1|
|0|.............000 000 0|
|0|.............000 000 0|
|0|.............160 176 1|
|0|.............000 000 0|
|0|.............000 000 0|
|0|.............090 098 1|
|0|.............000 000 0|
|0|.............000 000 0|
|0|.............140 062 1|
|0|.............000 000 0|
|0|.............000 000 0|
|0|.............076 062 1|
|0|.............000 000 0|
|0|.............000 000 0|
|0|.............242 176 1|
|0|.............000 000 0|
|0|.............000 000 0|
|0|.............000 000 0|
|0|.............000 000 0|
|0|.............000 000 0|
|0|.............000 000 0|
|0|.............000 000 0|
|0|.............000 000 0|
|0|.............000 000 0|
|0|.............000 000 0|
|0|.............000 000 0|
|0|.............000 000 0|
|0|.............000 000 0|
|0|.............000 000 0|
|0|.............000 000 0|
|0|.............000 000 0|
|0|.............000 000 0|
|0|.............000 000 0|
|0|.............000 000 0|
|0|.............000 000 0|
|0|.............000 000 0|
|0|.............000 000 0|
|0|.............000 000 0|
|0|.............000 000 0|
|0|.............000 000 0|
|0|.............000 000 0|
|0|.............000 000 0|
|0|.............000 000 0|
|0|.............000 000 0|
|0|.............000 000 0|
|0|.............000 000 0|
|0|.............000 000 0|
|0|.............000 000 0|
|0|.............000 000 0|
|0|.............000 000 0|
|0|.............000 000 0|
|0|.............000 000 0|
|0|.............000 000 0|
|0|.............000 000 0|
|0|.............000 000 0|
|0|.............000 000 0|
|0|.............000 000 0|
|0|.............000 000 0|
|0|.............000 000 0|
|0|.............000 000 0|
|0|.............000 000 0|
|0|.............128 085 1|
|0|.............128 085 1|
|0|.............200 142 1|
|0|.............200 142 1|
|0|.............200 142 1|
|0|.............200 142 1|
|0|.............200 142 1|
|0|.............200 142 1|
|0|.............200 142 1|
|0|.............200 142 1|
|0|.............200 142 1|
|0|.............200 142 1| * drag item onto hairdresser *
|0|.............000 000 0|
|0|.............000 000 0|
|0|.............000 000 0|
|0|.............000 000 0|
|0|.............000 000 0|
|0|.............000 000 0|
|0|.............000 000 0|
|0|.............000 000 0|
|0|.............000 000 0|
|0|.............000 000 0|
|0|.............000 000 0|
|0|.............000 000 0|
|0|.............000 000 0|
|0|.............000 000 0|
|0|.............000 000 0|
|0|.............000 000 0|
|0|.............000 000 0|
|0|.............000 000 0|
|0|.............000 000 0|
|0|.............000 000 0|
|0|.............000 000 0|
|0|.............000 000 0|
|0|.............000 000 0|
|0|.............000 000 0|
|0|.............000 000 0|
|0|.............000 000 0|
|0|.............000 000 0|
|0|.............000 000 0|
|0|.............000 000 0|
|0|.............000 000 0|
|0|.............000 000 0|
|0|.............000 000 0|
|0|.............000 000 0|
|0|.............000 000 0|
|0|.............000 000 0|
|0|.............000 000 0|
|0|.............000 000 0|
|0|.............000 000 0|
|0|.............000 000 0|
|0|.............000 000 0|
|0|.............000 000 0|
|0|.............000 000 0|
|0|.............000 000 0|
|0|.............000 000 0|
|0|.............000 000 0|
|0|.............000 000 0|
|0|.............000 000 0|
|0|.............000 000 0|
|0|.............000 000 0|
|0|.............000 000 0|
|0|.............000 000 0|
|0|.............000 000 0|
|0|.............000 000 0|
|0|.............000 000 0|
|0|.............000 000 0|
|0|.............000 000 0|
|0|.............000 000 0|
|0|.............000 000 0|
|0|.............000 000 0|
|0|.............000 000 0|
|0|.............000 000 0|
|0|.............000 000 0|
|0|.............000 000 0|
|0|.............000 000 0|
|0|.............000 000 0|
|0|.............000 000 0|
|0|.............000 000 0|
|0|.............000 000 0|
|0|.............000 000 0|
|0|.............000 000 0|
|0|.............000 000 0|
|0|.............000 000 0|
|0|.............000 000 0|
|0|.............000 000 0|
|0|.............000 000 0|
|0|.............000 000 0|
|0|.............000 000 0|
|0|.............000 000 0|
|0|.............000 000 0|
|0|.............000 000 0|
|0|.............000 000 0|
|0|.............000 000 0|
|0|.............000 000 0|
|0|.............000 000 0|
|0|.............000 000 0|
|0|.............000 000 0|
|0|.............000 000 0|
|0|.............000 000 0|
|0|.............000 000 0|
|0|.............000 000 0|
|0|.............000 000 0|
|0|.............000 000 0|
|0|.............000 000 0|
|0|.............000 000 0|
|0|.............000 000 0|
|0|.............000 000 0|
|0|.............000 000 0|
|0|.............000 000 0|
|0|.............000 000 0|
|0|.............000 000 0|
|0|.............000 000 0|
|0|.............000 000 0|
|0|.............000 000 0|
|0|.............000 000 0|
|0|.............000 000 0|
|0|.............000 000 0|
|0|.............000 000 0|
|0|.............000 000 0|
|0|.............000 000 0|
|0|.............000 000 0|
|0|.............000 000 0|
|0|.............000 000 0|
|0|.............000 000 0|
|0|.............000 000 0|
|0|.............000 000 0|
|0|.............000 000 0|
|0|.............000 000 0|
|0|.............000 000 0|
|0|.............000 000 0|
|0|.............000 000 0|
|0|.............000 000 0|
|0|.............000 000 0|
|0|.............000 000 0|
|0|.............000 000 0|
|0|.............000 000 0|
|0|.............000 000 0|
|0|.............000 000 0|
|0|.............000 000 0|
|0|.............000 000 0|
|0|.............000 000 0|
|0|.............000 000 0|
|0|.............000 000 0|
|0|.............000 000 0|
|0|.............000 000 0|
|0|.............000 000 0|
|0|.............000 000 0|
|0|.............000 000 0|
|0|.............000 000 0|
|0|.............000 000 0|
|0|.............000 000 0|
|0|.............000 000 0|
|0|.............000 000 0|
|0|.............000 000 0|
|0|.............000 000 0|
|0|.............000 000 0|
|0|.............000 000 0|
|0|.............000 000 0|
|0|.............000 000 0|
|0|.............000 000 0|
|0|.............000 000 0|
|0|.............000 000 0|
|0|.............000 000 0|
|0|.............000 000 0|
|0|.............000 000 0|
|0|.............000 000 0|
|0|.............000 000 0|
|0|.............000 000 0|
|0|.............000 000 0|
|0|.............000 000 0|
|0|.............000 000 0|
|0|.............000 000 0|
|0|.............000 000 0|
|0|.............000 000 0|
|0|.............000 000 0|
|0|.............000 000 0|
|0|.............000 000 0|
|0|.............000 000 0|
|0|.............000 000 0|
|0|.............000 000 0|
|0|.............000 000 0|
|0|.............000 000 0|
|0|.............000 000 0|
|0|.............000 000 0|
|0|.............000 000 0|
|0|.............000 000 0|
|0|.............000 000 0|
|0|.............000 000 0|
|0|.............000 000 0|
|0|.............000 000 0|
|0|.............000 000 0|
|0|.............000 000 0|
|0|.............000 000 0|
|0|.............000 000 0|
|0|.............000 000 0|
|0|.............000 000 0|
|0|.............000 000 0|
|0|.............000 000 0|
|0|.............000 000 0|
|0|.............000 000 0|
|0|.............000 000 0|
|0|.............000 000 0|
|0|.............000 000 0|
|0|.............000 000 0|
|0|.............000 000 0|
|0|.............000 000 0|
|0|.............000 000 0|
|0|.............000 000 0|
|0|.............000 000 0|
|0|.............000 000 0|
|0|.............000 000 0|
|0|.............000 000 0|
|0|.............000 000 0|
|0|.............000 000 0|
|0|.............000 000 0|
|0|.............000 000 0|
|0|.............000 000 0|
|0|.............000 000 0|
|0|.............000 000 0|
|0|.............000 000 0|
|0|.............000 000 0|
|0|.............000 000 0|
|0|.............000 000 0|
|0|.............000 000 0|
|0|.............000 000 0|
|0|.............000 000 0|
|0|.............000 000 0|
|0|.............000 000 0|
|0|.............000 000 0|
|0|.............000 000 0|
|0|.............000 000 0|
|0|.............000 000 0|
|0|.............000 000 0|
|0|.............000 000 0|
|0|.............000 000 0|
|0|.............000 000 0|
|0|.............000 000 0|
|0|.............000 000 0|
|0|.............000 000 0|
|0|.............000 000 0|
|0|.............000 000 0|
|0|.............000 000 0|
|0|.............000 000 0|
|0|.............000 000 0|
|0|.............000 000 0|
|0|.............000 000 0|
|0|.............000 000 0|
|0|.............000 000 0|
|0|.............000 000 0|
|0|.............000 000 0|
|0|.............000 000 0|
|0|.............000 000 0|
|0|.............000 000 0|
|0|.............000 000 0|
|0|.............000 000 0|
|0|.............000 000 0|
|0|.............000 000 0|
|0|.............000 000 0|
|0|.............000 000 0|
|0|.............000 000 0|
|0|.............000 000 0|
|0|.............000 000 0|
|0|.............000 000 0|
|0|.............000 000 0|
|0|.............000 000 0|
|0|.............000 000 0|
|0|.............000 000 0|
|0|.............000 000 0|
|0|.............000 000 0|
|0|.............000 000 0|
|0|.............000 000 0|
|0|.............000 000 0|
|0|.............000 000 0|
|0|.............000 000 0|
|0|.............000 000 0|
|0|.............000 000 0|
|0|.............000 000 0|
|0|.............000 000 0|
|0|.............000 000 0|
|0|.............000 000 0|
|0|.............000 000 0|
|0|.............000 000 0|
|0|.............174 113 1|
|0|.............174 113 1| * close objective-completed dialog *
|0|.............000 000 0|
|0|.............000 000 0|
|0|.............000 000 0|
|0|.............000 000 0|
|0|.............000 000 0|
|0|.............000 000 0|
|0|.............000 000 0|
|0|.............000 000 0|
|0|.............000 000 0|
|0|.............000 000 0|
|0|.............255 153 1|
|0|.............255 153 1|
|0|.............255 153 1|
|0|.............255 153 1|
|0|.............255 153 1|
|0|.............255 153 1|
|0|.............255 153 1|
|0|.............255 153 1|
|0|.............255 153 1|
|0|.............255 153 1|
|0|.............255 153 1|
|0|.............255 153 1|
|0|.............255 153 1|
|0|.............255 153 1|
|0|.............255 153 1|
|0|.............255 153 1|
|0|.............255 153 1|
|0|.............255 153 1|
|0|.............255 153 1|
|0|.............255 153 1|
|0|.............255 153 1|
|0|.............255 153 1|
|0|.............255 153 1|
|0|.............255 153 1|
|0|.............255 153 1|
|0|.............255 153 1|
|0|.............255 153 1|
|0|.............255 153 1|
|0|.............255 153 1|
|0|.............255 153 1|
|0|.............255 153 1|
|0|.............255 153 1|
|0|.............255 153 1|
|0|.............255 153 1|
|0|.............255 153 1|
|0|.............255 153 1|
|0|.............255 153 1|
|0|.............255 153 1|
|0|.............255 153 1|
|0|.............255 153 1|
|0|.............255 153 1|
|0|.............255 153 1|
|0|.............255 153 1|
|0|.............255 153 1|
|0|.............255 153 1|
|0|.............255 153 1|
|0|.............255 153 1|
|0|.............255 153 1|
|0|.............255 153 1|
|0|.............255 153 1|
|0|.............255 153 1|
|0|.............255 153 1|
|0|.............255 153 1|
|0|.............255 153 1|
|0|.............255 153 1|
|0|.............255 153 1|
|0|.............255 153 1|
|0|.............255 153 1|
|0|.............255 153 1|
|0|.............255 153 1|
|0|.............255 153 1|
|0|.............255 153 1|
|0|.............255 153 1|
|0|.............255 153 1|
|0|.............255 153 1|
|0|.............255 153 1|
|0|.............255 153 1|
|0|.............255 153 1|
|0|.............255 153 1|
|0|.............255 153 1|
|0|.............255 153 1|
|0|.............255 153 1|
|0|.............255 153 1|
|0|.............255 153 1|
|0|.............255 153 1|
|0|.............255 153 1|
|0|.............255 153 1|
|0|.............255 153 1|
|0|.............255 153 1|
|0|.............255 153 1|
|0|.............255 153 1|
|0|.............255 153 1|
|0|.............255 153 1|
|0|.............255 153 1|
|0|.............255 153 1|
|0|.............255 153 1|
|0|.............255 153 1|
|0|.............255 153 1|
|0|.............255 153 1|
|0|.............255 153 1|
|0|.............255 153 1|
|0|.............255 153 1|
|0|.............255 153 1|
|0|.............255 153 1|
|0|.............255 153 1|
|0|.............255 153 1|
|0|.............255 153 1|
|0|.............255 153 1|
|0|.............255 153 1|
|0|.............255 153 1|
|0|.............255 153 1|
|0|.............255 153 1|
|0|.............255 153 1|
|0|.............255 153 1|
|0|.............255 153 1|
|0|.............255 153 1|
|0|.............255 153 1|
|0|.............255 153 1|
|0|.............255 153 1|
|0|.............255 153 1|
|0|.............255 153 1|
|0|.............255 153 1|
|0|.............255 153 1|
|0|.............255 153 1|
|0|.............255 153 1|
|0|.............255 153 1|
|0|.............255 153 1|
|0|.............255 153 1|
|0|.............255 153 1|
|0|.............255 153 1|
|0|.............255 153 1|
|0|.............255 153 1|
|0|.............255 153 1|
|0|.............255 153 1|
|0|.............255 153 1|
|0|.............255 153 1|
|0|.............255 153 1|
|0|.............255 153 1|
|0|.............255 153 1|
|0|.............255 153 1|
|0|.............255 153 1|
|0|.............255 153 1|
|0|.............255 153 1|
|0|.............255 153 1|
|0|.............255 153 1|
|0|.............255 153 1|
|0|.............255 153 1|
|0|.............255 153 1|
|0|.............255 153 1|
|0|.............255 153 1|
|0|.............255 153 1|
|0|.............255 153 1|
|0|.............255 153 1|
|0|.............255 153 1|
|0|.............255 153 1|
|0|.............255 153 1|
|0|.............255 153 1|
|0|.............255 153 1|
|0|.............255 153 1|
|0|.............255 153 1|
|0|.............255 153 1|
|0|.............255 153 1|
|0|.............255 153 1|
|0|.............255 153 1|
|0|.............255 153 1|
|0|.............255 153 1|
|0|.............255 153 1|
|0|.............255 153 1|
|0|.............255 153 1|
|0|.............255 153 1|
|0|.............255 153 1|
|0|.............255 153 1|
|0|.............255 153 1|
|0|.............255 153 1|
|0|.............255 153 1|
|0|.............255 153 1|
|0|.............255 153 1|
|0|.............255 153 1|
|0|.............255 153 1|
|0|.............255 153 1|
|0|.............255 153 1|
|0|.............255 153 1|
|0|.............255 153 1|
|0|.............255 153 1|
|0|.............255 153 1|
|0|.............255 153 1|
|0|.............255 153 1|
|0|.............255 153 1|
|0|.............255 153 1|
|0|.............255 153 1|
|0|.............255 153 1|
|0|.............255 153 1|
|0|.............255 153 1|
|0|.............255 153 1|
|0|.............255 153 1|
|0|.............255 153 1|
|0|.............255 153 1|
|0|.............255 153 1|
|0|.............255 153 1|
|0|.............255 153 1|
|0|.............255 153 1|
|0|.............255 153 1|
|0|.............255 153 1| * collect 5-4 starite *
|0|.............255 153 1|
|0|.............255 153 1|
|0|.............255 153 1|
|0|.............255 153 1|
|0|.............255 153 1|
|0|.............255 153 1|
|0|.............255 153 1|
|0|.............255 153 1|
|0|.............255 153 1|
|0|.............255 153 1|
|0|.............000 000 0|
