|0|.............110 132 1|
|0|.............000 000 0|
|0|.............000 000 0|
|0|.............202 062 1|
|0|.............000 000 0|
|0|.............000 000 0|
|0|.............194 132 1|
|0|.............000 000 0|
|0|.............000 000 0|
|0|.............222 062 1|
|0|.............000 000 0|
|0|.............000 000 0|
|0|.............048 098 1|
|0|.............000 000 0|
|0|.............000 000 0|
|0|.............110 132 1|
|0|.............000 000 0|
|0|.............000 000 0|
|0|.............118 062 1|
|0|.............000 000 0|
|0|.............000 000 0|
|0|.............160 176 1|
|0|.............000 000 0|
|0|.............000 000 0|
|0|.............110 132 1|
|0|.............000 000 0|
|0|.............000 000 0|
|0|.............216 098 1|
|0|.............000 000 0|
|0|.............000 000 0|
|0|.............048 098 1|
|0|.............000 000 0|
|0|.............000 000 0|
|0|.............070 098 1|
|0|.............000 000 0|
|0|.............000 000 0|
|0|.............070 098 1|
|0|.............000 000 0|
|0|.............000 000 0|
|0|.............140 062 1|
|0|.............000 000 0|
|0|.............000 000 0|
|0|.............160 176 1|
|0|.............000 000 0|
|0|.............000 000 0|
|0|.............112 098 1|
|0|.............000 000 0|
|0|.............000 000 0|
|0|.............216 098 1|
|0|.............000 000 0|
|0|.............000 000 0|
|0|.............140 062 1|
|0|.............000 000 0|
|0|.............000 000 0|
|0|.............180 062 1|
|0|.............000 000 0|
|0|.............000 000 0|
|0|.............174 132 1|
|0|.............000 000 0|
|0|.............000 000 0|
|0|.............132 098 1|
|0|.............000 000 0|
|0|.............000 000 0|
|0|.............160 176 1|
|0|.............000 000 0|
|0|.............000 000 0|
|0|.............216 098 1|
|0|.............000 000 0|
|0|.............000 000 0|
|0|.............180 062 1|
|0|.............000 000 0|
|0|.............000 000 0|
|0|.............194 132 1|
|0|.............000 000 0|
|0|.............000 000 0|
|0|.............202 062 1|
|0|.............000 000 0|
|0|.............000 000 0|
|0|.............242 176 1|
|0|.............000 000 0| * COMPACT CLASSY FLYING LIMO has been typed *
|0|.............000 000 0|
|0|.............000 000 0|
|0|.............000 000 0|
|0|.............000 000 0|
|0|.............000 000 0|
|0|.............000 000 0|
|0|.............000 000 0|
|0|.............000 000 0|
|0|.............000 000 0|
|0|.............000 000 0|
|0|.............000 000 0|
|0|.............000 000 0|
|0|.............000 000 0|
|0|.............000 000 0|
|0|.............000 000 0|
|0|.............000 000 0|
|0|.............000 000 0|
|0|.............000 000 0|
|0|.............000 000 0|
|0|.............000 000 0|
|0|.............000 000 0|
|0|.............000 000 0|
|0|.............000 000 0|
|0|.............000 000 0|
|0|.............000 000 0|
|0|.............000 000 0|
|0|.............000 000 0|
|0|.............000 000 0|
|0|.............000 000 0|
|0|.............000 000 0|
|0|.............000 000 0|
|0|.............000 000 0|
|0|.............000 000 0|
|0|.............000 000 0|
|0|.............000 000 0|
|0|.............000 000 0|
|0|.............000 000 0|
|0|.............000 000 0|
|0|.............000 000 0|
|0|.............000 000 0|
|0|.............000 000 0|
|0|.............000 000 0|
|0|.............000 000 0|
|0|.............000 000 0|
|0|.............000 000 0|
|0|.............000 000 0|
|0|.............000 000 0|
|0|.............000 000 0|
|0|.............000 000 0|
|0|.............124 084 1|
|0|.............124 084 1|
|0|.............106 120 1|
|0|.............106 120 1|
|0|.............106 120 1|
|0|.............106 120 1|
|0|.............106 120 1|
|0|.............106 120 1|
|0|.............106 120 1|
|0|.............106 120 1|
|0|.............106 120 1|
|0|.............106 120 1|
|0|.............000 000 0|
|0|.............118 000 1|
|0|.............118 000 1|
|0|.............118 000 1|
|0|.............118 000 1|
|0|.............118 000 1|
|0|.............118 000 1|
|0|.............118 000 1|
|0|.............118 000 1|
|0|.............118 000 1|
|0|.............118 000 1|
|0|.............118 000 1|
|0|.............118 000 1|
|0|.............118 000 1|
|0|.............118 000 1|
|0|.............118 000 1|
|0|.............118 000 1|
|0|.............118 000 1|
|0|.............118 000 1|
|0|.............118 000 1|
|0|.............118 000 1|
|0|.............118 000 1|
|0|.............118 000 1|
|0|.............118 000 1|
|0|.............118 000 1|
|0|.............118 000 1|
|0|.............118 000 1|
|0|.............118 000 1|
|0|.............118 000 1|
|0|.............118 000 1|
|0|.............118 000 1|
|0|.............118 000 1|
|0|.............118 000 1|
|0|.............118 000 1|
|0|.............118 000 1|
|0|.............118 000 1|
|0|.............118 000 1|
|0|.............118 000 1|
|0|.............118 000 1|
|0|.............118 000 1|
|0|.............118 000 1|
|0|.............118 000 1|
|0|.............118 000 1|
|0|.............118 000 1|
|0|.............118 000 1|
|0|.............118 000 1|
|0|.............118 000 1|
|0|.............118 000 1|
|0|.............118 000 1|
|0|.............118 000 1|
|0|.............118 000 1|
|0|.............118 000 1|
|0|.............118 000 1|
|0|.............118 000 1|
|0|.............118 000 1|
|0|.............118 000 1|
|0|.............118 000 1|
|0|.............118 000 1|
|0|.............118 000 1|
|0|.............118 000 1|
|0|.............118 000 1|
|0|.............118 000 1|
|0|.............118 000 1|
|0|.............118 000 1|
|0|.............118 000 1|
|0|.............118 000 1|
|0|.............118 000 1|
|0|.............118 000 1|
|0|.............118 000 1|
|0|.............118 000 1|
|0|.............118 000 1|
|0|.............118 000 1|
|0|.............118 000 1|
|0|.............118 000 1|
|0|.............118 000 1|
|0|.............118 000 1|
|0|.............118 000 1|
|0|.............118 000 1|
|0|.............118 000 1|
|0|.............118 000 1|
|0|.............118 000 1|
|0|.............118 000 1|
|0|.............118 000 1|
|0|.............118 000 1|
|0|.............118 000 1|
|0|.............118 000 1|
|0|.............118 000 1|
|0|.............118 000 1|
|0|.............118 000 1|
|0|.............118 000 1|
|0|.............118 000 1|
|0|.............118 000 1|
|0|.............118 000 1|
|0|.............118 000 1|
|0|.............118 000 1|
|0|.............118 000 1|
|0|.............118 000 1|
|0|.............118 000 1|
|0|.............118 000 1|
|0|.............118 000 1|
|0|.............118 000 1|
|0|.............118 000 1|
|0|.............118 000 1|
|0|.............118 000 1|
|0|.............118 000 1|
|0|.............118 000 1|
|0|.............118 000 1|
|0|.............118 000 1|
|0|.............118 000 1|
|0|.............000 093 1|
|0|.............000 093 1|
|0|.............000 093 1|
|0|.............000 093 1|
|0|.............000 093 1|
|0|.............000 093 1|
|0|.............000 093 1|
|0|.............000 093 1|
|0|.............000 093 1|
|0|.............000 093 1|
|0|.............000 093 1|
|0|.............000 093 1|
|0|.............000 093 1|
|0|.............000 093 1|
|0|.............000 093 1|
|0|.............000 093 1|
|0|.............000 093 1|
|0|.............000 093 1|
|0|.............000 093 1|
|0|.............000 093 1|
|0|.............000 093 1|
|0|.............000 093 1|
|0|.............000 093 1|
|0|.............000 093 1|
|0|.............000 093 1|
|0|.............000 093 1|
|0|.............000 093 1|
|0|.............000 093 1|
|0|.............000 093 1|
|0|.............000 093 1|
|0|.............000 093 1|
|0|.............000 093 1|
|0|.............000 093 1|
|0|.............000 093 1|
|0|.............000 093 1|
|0|.............000 093 1|
|0|.............000 093 1|
|0|.............000 093 1|
|0|.............000 093 1|
|0|.............000 093 1|
|0|.............000 093 1|
|0|.............000 093 1|
|0|.............000 093 1|
|0|.............000 093 1|
|0|.............000 093 1|
|0|.............000 093 1|
|0|.............000 093 1|
|0|.............000 093 1|
|0|.............000 093 1|
|0|.............000 093 1|
|0|.............000 093 1|
|0|.............000 093 1|
|0|.............000 093 1|
|0|.............000 093 1|
|0|.............000 093 1|
|0|.............000 093 1|
|0|.............000 093 1|
|0|.............000 093 1|
|0|.............000 093 1|
|0|.............000 093 1|
|0|.............000 093 1|
|0|.............000 093 1|
|0|.............000 093 1|
|0|.............000 093 1|
|0|.............000 093 1|
|0|.............000 093 1|
|0|.............000 093 1|
|0|.............000 093 1|
|0|.............000 093 1|
|0|.............000 093 1|
|0|.............000 093 1|
|0|.............000 093 1|
|0|.............000 093 1|
|0|.............000 093 1|
|0|.............000 093 1|
|0|.............000 093 1|
|0|.............000 093 1|
|0|.............000 093 1|
|0|.............000 093 1|
|0|.............000 093 1|
|0|.............000 093 1|
|0|.............000 093 1|
|0|.............000 093 1|
|0|.............000 093 1|
|0|.............000 093 1|
|0|.............000 093 1|
|0|.............000 093 1|
|0|.............000 093 1|
|0|.............000 093 1|
|0|.............000 093 1|
|0|.............000 093 1|
|0|.............000 093 1|
|0|.............000 093 1|
|0|.............000 093 1|
|0|.............000 093 1|
|0|.............016 000 1|
|0|.............016 000 1|
|0|.............016 000 1|
|0|.............016 000 1|
|0|.............016 000 1|
|0|.............016 000 1|
|0|.............016 000 1|
|0|.............016 000 1|
|0|.............016 000 1|
|0|.............016 000 1|
|0|.............016 000 1|
|0|.............016 000 1|
|0|.............016 000 1|
|0|.............016 000 1|
|0|.............016 000 1|
|0|.............016 000 1|
|0|.............016 000 1|
|0|.............016 000 1|
|0|.............016 000 1|
|0|.............016 000 1|
|0|.............016 000 1|
|0|.............016 000 1|
|0|.............016 000 1|
|0|.............016 000 1|
|0|.............016 000 1|
|0|.............016 000 1|
|0|.............016 000 1|
|0|.............016 000 1|
|0|.............016 000 1|
|0|.............016 000 1|
|0|.............016 000 1|
|0|.............016 000 1|
|0|.............016 000 1|
|0|.............016 000 1|
|0|.............016 000 1|
|0|.............016 000 1|
|0|.............016 000 1|
|0|.............016 000 1|
|0|.............016 000 1|
|0|.............016 000 1|
|0|.............016 000 1|
|0|.............000 081 1|
|0|.............000 081 1|
|0|.............000 081 1|
|0|.............000 081 1|
|0|.............000 081 1|
|0|.............000 081 1|
|0|.............000 081 1|
|0|.............000 081 1|
|0|.............000 081 1|
|0|.............000 081 1|
|0|.............000 081 1|
|0|.............000 081 1|
|0|.............000 081 1|
|0|.............000 081 1|
|0|.............000 081 1|
|0|.............000 081 1|
|0|.............000 081 1|
|0|.............000 081 1|
|0|.............000 081 1|
|0|.............000 081 1|
|0|.............000 081 1|
|0|.............000 000 0|
|0|.............000 000 0|
|0|.............008 085 1|
|0|.............008 085 1|
|0|.............000 000 0|
|0|.............000 000 0|
|0|.............000 000 0|
|0|.............000 000 0|
|0|.............000 000 0|
|0|.............000 000 0|
|0|.............000 000 0|
|0|.............128 034 1|
|0|.............128 034 1|
|0|.............000 000 0|
|0|.............000 000 0|
|0|.............000 000 0|
|0|.............000 000 0|
|0|.............000 000 0|
|0|.............000 000 0|
|0|.............000 000 0|
|0|.............000 000 0|
|0|.............000 000 0|
|0|.............000 000 0|
|0|.............000 000 0|
|0|.............000 000 0|
|0|.............000 000 0|
|0|.............000 000 0|
|0|.............000 000 0|
|0|.............000 000 0|
|0|.............000 000 0|
|0|.............000 000 0|
|0|.............000 000 0|
|0|.............000 000 0|
|0|.............000 000 0|
|0|.............000 000 0|
|0|.............000 000 0|
|0|.............000 000 0|
|0|.............000 000 0|
|0|.............000 000 0|
|0|.............000 000 0|
|0|.............000 000 0|
|0|.............000 000 0|
|0|.............000 000 0|
|0|.............000 000 0|
|0|.............000 000 0|
|0|.............000 000 0|
|0|.............000 000 0|
|0|.............000 000 0|
|0|.............000 000 0|
|0|.............000 000 0|
|0|.............000 000 0|
|0|.............000 000 0|
|0|.............000 000 0|
|0|.............000 000 0|
|0|.............000 000 0|
|0|.............000 000 0|
|0|.............000 000 0|
|0|.............000 000 0|
|0|.............000 000 0|
|0|.............000 000 0|
|0|.............000 000 0|
|0|.............000 000 0|
|0|.............000 000 0|
|0|.............000 000 0|
|0|.............000 000 0|
|0|.............000 000 0|
|0|.............000 000 0|
|0|.............000 000 0|
|0|.............000 000 0|
|0|.............000 000 0|
|0|.............000 000 0|
|0|.............000 000 0|
|0|.............000 000 0|
|0|.............000 000 0|
|0|.............000 000 0|
|0|.............000 000 0|
|0|.............000 000 0|
|0|.............000 000 0|
|0|.............000 000 0|
|0|.............000 000 0|
|0|.............000 000 0|
|0|.............000 000 0|
|0|.............000 000 0|
|0|.............000 000 0|
|0|.............000 000 0|
|0|.............000 000 0|
|0|.............000 000 0|
|0|.............000 000 0|
|0|.............000 000 0|
|0|.............000 000 0|
|0|.............000 000 0|
|0|.............000 000 0|
|0|.............000 000 0|
|0|.............000 000 0|
|0|.............000 000 0|
|0|.............000 000 0|
|0|.............000 000 0|
|0|.............000 000 0|
|0|.............000 000 0|
|0|.............000 000 0|
|0|.............000 000 0|
|0|.............000 000 0|
|0|.............000 000 0|
|0|.............000 000 0|
|0|.............000 000 0|
|0|.............000 000 0|
|0|.............000 000 0|
|0|.............000 000 0|
|0|.............000 000 0|
|0|.............000 000 0|
|0|.............000 000 0|
|0|.............000 000 0|
|0|.............000 000 0|
|0|.............000 000 0|
|0|.............000 000 0|
|0|.............000 000 0|
|0|.............000 000 0|
|0|.............000 000 0|
|0|.............000 000 0|
|0|.............000 000 0|
|0|.............000 000 0|
|0|.............000 000 0|
|0|.............000 000 0|
|0|.............000 000 0|
|0|.............000 000 0|
|0|.............000 000 0|
|0|.............000 000 0|
|0|.............000 000 0|
|0|.............000 000 0|
|0|.............000 000 0|
|0|.............000 000 0|
|0|.............000 000 0|
|0|.............000 000 0|
|0|.............000 000 0|
|0|.............000 000 0|
|0|.............000 000 0|
|0|.............000 000 0|
|0|.............000 000 0|
|0|.............000 000 0|
|0|.............000 000 0|
|0|.............000 000 0|
|0|.............000 000 0|
|0|.............000 000 0|
|0|.............000 000 0|
|0|.............000 000 0|
|0|.............000 000 0|
|0|.............000 000 0|
|0|.............000 000 0|
|0|.............000 000 0|
|0|.............000 000 0|
|0|.............000 000 0|
|0|.............000 000 0|
|0|.............000 000 0|
|0|.............000 000 0|
|0|.............000 000 0|
|0|.............000 000 0|
|0|.............000 000 0|
|0|.............000 000 0|
|0|.............000 000 0|
|0|.............000 000 0|
|0|.............000 000 0|
|0|.............000 000 0|
|0|.............000 000 0|
|0|.............000 000 0|
|0|.............000 000 0|
|0|.............000 000 0|
|0|.............000 000 0|
|0|.............000 000 0|
|0|.............000 000 0|
|0|.............000 000 0|
|0|.............000 000 0|
|0|.............000 000 0|
|0|.............000 000 0|
|0|.............000 000 0|
|0|.............000 000 0|
|0|.............000 000 0|
|0|.............000 000 0|
|0|.............000 000 0|
|0|.............000 000 0|
|0|.............000 000 0|
|0|.............000 000 0|
|0|.............000 000 0|
|0|.............000 000 0|
|0|.............000 000 0|
|0|.............000 000 0|
|0|.............000 000 0|
|0|.............000 000 0|
|0|.............000 000 0|
|0|.............000 000 0|
|0|.............000 000 0|
|0|.............000 000 0|
|0|.............000 000 0|
|0|.............000 000 0|
|0|.............000 000 0|
|0|.............000 000 0|
|0|.............000 000 0|
|0|.............000 000 0|
|0|.............000 000 0|
|0|.............000 000 0|
|0|.............000 000 0|
|0|.............000 000 0|
|0|.............000 000 0|
|0|.............000 000 0|
|0|.............000 000 0|
|0|.............000 000 0|
|0|.............000 000 0|
|0|.............000 000 0|
|0|.............000 000 0|
|0|.............000 000 0|
|0|.............000 000 0|
|0|.............000 000 0|
|0|.............000 000 0|
|0|.............000 000 0|
|0|.............000 000 0|
|0|.............000 000 0|
|0|.............000 000 0|
|0|.............000 000 0|
|0|.............000 000 0|
|0|.............000 000 0|
|0|.............000 000 0|
|0|.............000 000 0|
|0|.............000 000 0|
|0|.............000 000 0|
|0|.............000 000 0|
|0|.............000 000 0|
|0|.............000 000 0|
|0|.............000 000 0|
|0|.............000 000 0|
|0|.............000 000 0|
|0|.............000 000 0|
|0|.............000 000 0|
|0|.............000 000 0|
|0|.............000 000 0|
|0|.............000 000 0|
|0|.............000 000 0|
|0|.............000 000 0|
|0|.............000 000 0|
|0|.............000 000 0|
|0|.............000 000 0|
|0|.............000 000 0|
|0|.............000 000 0|
|0|.............000 000 0|
|0|.............000 000 0|
|0|.............000 000 0|
|0|.............000 000 0|
|0|.............000 000 0|
|0|.............000 000 0|
|0|.............000 000 0|
|0|.............000 000 0|
|0|.............000 000 0|
|0|.............000 000 0|
|0|.............000 000 0|
|0|.............000 000 0|
|0|.............000 000 0|
|0|.............000 000 0|
|0|.............000 000 0|
|0|.............000 000 0|
|0|.............000 000 0|
|0|.............000 000 0|
|0|.............000 000 0|
|0|.............000 000 0|
|0|.............000 000 0|
|0|.............000 000 0|
|0|.............000 000 0|
|0|.............000 000 0|
|0|.............000 000 0|
|0|.............000 000 0|
|0|.............000 000 0|
|0|.............000 000 0|
|0|.............000 000 0|
|0|.............000 000 0|
|0|.............000 000 0|
|0|.............000 000 0|
|0|.............000 000 0|
|0|.............000 000 0|
|0|.............000 000 0|
|0|.............000 000 0|
|0|.............000 000 0|
|0|.............000 000 0|
|0|.............000 000 0|
|0|.............000 000 0|
|0|.............000 000 0|
|0|.............000 000 0|
|0|.............000 000 0|
|0|.............000 000 0|
|0|.............000 000 0|
|0|.............000 000 0|
|0|.............000 000 0|
|0|.............000 000 0|
|0|.............000 000 0|
|0|.............000 000 0|
|0|.............000 000 0|
|0|.............000 000 0|
|0|.............000 000 0|
|0|.............000 000 0|
|0|.............000 000 0|
|0|.............000 000 0|
|0|.............000 000 0|
|0|.............000 000 0|
|0|.............000 000 0|
|0|.............000 000 0|
|0|.............000 000 0|
|0|.............000 000 0|
|0|.............000 000 0|
|0|.............000 000 0|
|0|.............000 000 0|
|0|.............000 000 0|
|0|.............000 000 0|
|0|.............000 000 0|
|0|.............206 128 1|
|0|.............206 128 1|
|0|.............000 000 0|
|0|.............186 000 1|
|0|.............186 000 1|
|0|.............186 000 1|
|0|.............186 000 1|
|0|.............186 000 1|
|0|.............186 000 1|
|0|.............186 000 1|
|0|.............186 000 1|
|0|.............186 000 1|
|0|.............186 000 1|
|0|.............186 000 1|
|0|.............186 000 1|
|0|.............186 000 1|
|0|.............186 000 1|
|0|.............186 000 1|
|0|.............186 000 1|
|0|.............186 000 1|
|0|.............186 000 1|
|0|.............186 000 1|
|0|.............186 000 1|
|0|.............186 000 1|
|0|.............186 000 1|
|0|.............186 000 1|
|0|.............186 000 1|
|0|.............186 000 1|
|0|.............186 000 1|
|0|.............186 000 1|
|0|.............186 000 1|
|0|.............186 000 1|
|0|.............186 000 1|
|0|.............186 000 1|
|0|.............186 000 1|
|0|.............186 000 1|
|0|.............186 000 1|
|0|.............186 000 1|
|0|.............186 000 1|
|0|.............186 000 1|
|0|.............186 000 1|
|0|.............186 000 1|
|0|.............186 000 1|
|0|.............186 000 1|
|0|.............186 000 1|
|0|.............186 000 1|
|0|.............255 192 1|
|0|.............255 192 1|
|0|.............255 192 1|
|0|.............255 192 1|
|0|.............255 192 1|
|0|.............255 192 1|
|0|.............255 192 1|
|0|.............255 192 1|
|0|.............255 192 1|
|0|.............255 192 1|
|0|.............255 192 1|
|0|.............255 192 1|
|0|.............255 192 1|
|0|.............255 192 1|
|0|.............255 192 1|
|0|.............255 192 1|
|0|.............255 192 1|
|0|.............255 192 1|
|0|.............255 192 1|
|0|.............255 192 1|
|0|.............255 192 1|
|0|.............255 192 1|
|0|.............255 192 1|
|0|.............255 192 1|
|0|.............255 192 1|
|0|.............255 192 1|
|0|.............255 192 1|
|0|.............255 192 1|
|0|.............255 192 1|
|0|.............255 192 1|
|0|.............255 192 1|
|0|.............255 192 1|
|0|.............255 192 1|
|0|.............255 192 1|
|0|.............255 192 1|
|0|.............255 192 1|
|0|.............255 192 1|
|0|.............255 192 1|
|0|.............255 192 1|
|0|.............255 192 1|
|0|.............255 192 1|
|0|.............255 192 1|
|0|.............255 089 1|
|0|.............255 089 1|
|0|.............255 089 1|
|0|.............255 089 1|
|0|.............255 089 1|
|0|.............255 089 1|
|0|.............255 089 1|
|0|.............255 089 1|
|0|.............255 089 1|
|0|.............255 089 1|
|0|.............255 089 1|
|0|.............255 089 1|
|0|.............255 089 1|
|0|.............255 089 1|
|0|.............255 089 1|
|0|.............255 089 1|
|0|.............255 089 1|
|0|.............255 089 1|
|0|.............255 089 1|
|0|.............255 089 1|
|0|.............255 089 1|
|0|.............255 089 1|
|0|.............255 089 1|
|0|.............255 089 1|
|0|.............255 089 1|
|0|.............255 089 1|
|0|.............255 089 1|
|0|.............255 089 1|
|0|.............255 089 1|
|0|.............255 089 1|
|0|.............255 089 1|
|0|.............255 089 1|
|0|.............255 089 1|
|0|.............255 089 1|
|0|.............255 089 1|
|0|.............255 089 1|
|0|.............255 089 1|
|0|.............255 089 1|
|0|.............255 089 1|
|0|.............255 089 1|
|0|.............255 089 1|
|0|.............255 089 1|
|0|.............255 089 1|
|0|.............255 089 1|
|0|.............255 089 1|
|0|.............255 089 1|
|0|.............255 089 1|
|0|.............255 089 1|
|0|.............255 089 1|
|0|.............255 089 1|
|0|.............255 089 1|
|0|.............255 089 1|
|0|.............255 089 1|
|0|.............255 089 1|
|0|.............255 089 1|
|0|.............255 089 1|
|0|.............255 089 1|
|0|.............255 089 1|
|0|.............255 089 1|
|0|.............255 089 1|
|0|.............255 089 1|
|0|.............255 089 1|
|0|.............255 089 1|
|0|.............255 089 1|
|0|.............255 089 1|
|0|.............255 089 1|
|0|.............255 089 1|
|0|.............255 089 1|
|0|.............255 089 1|
|0|.............255 089 1|
|0|.............255 089 1|
|0|.............255 089 1|
|0|.............255 089 1|
|0|.............255 089 1|
|0|.............255 089 1|
|0|.............255 089 1|
|0|.............255 089 1|
|0|.............255 089 1|
|0|.............255 089 1|
|0|.............255 089 1|
|0|.............255 089 1|
|0|.............255 089 1|
|0|.............255 089 1|
|0|.............255 089 1|
|0|.............255 089 1|
|0|.............255 089 1|
|0|.............255 089 1|
|0|.............255 089 1|
|0|.............255 089 1|
|0|.............255 089 1|
|0|.............255 089 1|
|0|.............255 089 1|
|0|.............255 089 1|
|0|.............255 089 1|
|0|.............255 089 1|
|0|.............255 089 1|
|0|.............255 089 1|
|0|.............255 089 1|
|0|.............255 089 1|
|0|.............255 089 1|
|0|.............255 089 1|
|0|.............255 089 1|
|0|.............255 089 1|
|0|.............255 089 1|
|0|.............255 089 1|
|0|.............255 089 1|
|0|.............255 089 1|
|0|.............255 089 1|
|0|.............255 089 1|
|0|.............255 089 1|
|0|.............255 089 1|
|0|.............255 089 1|
|0|.............255 089 1|
|0|.............255 089 1|
|0|.............255 089 1|
|0|.............255 089 1|
|0|.............255 089 1|
|0|.............255 089 1|
|0|.............255 089 1|
|0|.............255 089 1|
|0|.............255 089 1|
|0|.............255 089 1|
|0|.............255 089 1|
|0|.............255 089 1|
|0|.............000 000 0|
|0|.............000 000 0|
|0|.............200 116 1|
|0|.............200 116 1|
|0|.............000 000 0|
|0|.............000 000 0|
|0|.............000 000 0|
|0|.............000 000 0|
|0|.............000 000 0|
|0|.............000 000 0|
|0|.............000 000 0|
|0|.............130 035 1|
|0|.............000 000 0|
|0|.............000 000 0|
|0|.............000 000 0|
|0|.............000 000 0|
|0|.............000 000 0|
|0|.............000 000 0|
|0|.............000 000 0|
|0|.............000 000 0|
|0|.............000 000 0|
|0|.............000 000 0|
|0|.............000 000 0|
|0|.............000 000 0|
|0|.............000 000 0|
|0|.............000 000 0|
|0|.............000 000 0|
|0|.............000 000 0|
|0|.............000 000 0|
|0|.............000 000 0|
|0|.............000 000 0|
|0|.............000 000 0|
|0|.............000 000 0|
|0|.............000 000 0|
|0|.............000 000 0|
|0|.............000 000 0|
|0|.............000 000 0|
|0|.............000 000 0|
|0|.............000 000 0|
|0|.............000 000 0|
|0|.............000 000 0|
|0|.............000 000 0|
|0|.............000 000 0|
|0|.............000 000 0|
|0|.............000 000 0|
|0|.............000 000 0|
|0|.............000 000 0|
|0|.............000 000 0|
|0|.............000 000 0|
|0|.............000 000 0|
|0|.............000 000 0|
|0|.............000 000 0|
|0|.............000 000 0|
|0|.............000 000 0|
|0|.............000 000 0|
|0|.............000 000 0|
|0|.............000 000 0|
|0|.............000 000 0|
|0|.............000 000 0|
|0|.............000 000 0|
|0|.............198 117 1|
|0|.............198 117 1|
|0|.............000 000 0|
|0|.............000 000 0|
|0|.............000 000 0|
|0|.............000 000 0|
|0|.............000 000 0|
|0|.............000 000 0|
|0|.............000 000 0|
|0|.............000 000 0|
|0|.............182 076 1|
|0|.............182 076 1|
|0|.............000 000 0|
|0|.............000 000 0|
|0|.............255 091 1|
|0|.............255 091 1|
|0|.............255 091 1|
|0|.............255 091 1|
|0|.............255 091 1|
|0|.............255 091 1|
|0|.............255 091 1|
|0|.............255 091 1|
|0|.............255 091 1|
|0|.............255 091 1|
|0|.............255 091 1|
|0|.............255 091 1|
|0|.............255 091 1|
|0|.............255 091 1|
|0|.............255 091 1|
|0|.............255 091 1|
|0|.............255 091 1|
|0|.............255 091 1|
|0|.............255 091 1|
|0|.............255 091 1|
|0|.............255 091 1|
|0|.............255 091 1|
|0|.............255 091 1|
|0|.............255 091 1|
|0|.............255 091 1|
|0|.............255 091 1|
|0|.............255 091 1|
|0|.............255 091 1|
|0|.............255 091 1|
|0|.............255 091 1|
|0|.............255 091 1|
|0|.............255 091 1|
|0|.............255 091 1|
|0|.............255 091 1|
|0|.............255 091 1|
|0|.............255 091 1|
|0|.............255 091 1|
|0|.............255 091 1|
|0|.............255 091 1|
|0|.............255 091 1|
|0|.............255 091 1|
|0|.............255 091 1|
|0|.............255 091 1|
|0|.............255 091 1|
|0|.............255 091 1|
|0|.............255 091 1|
|0|.............255 091 1|
|0|.............255 091 1|
|0|.............255 117 1|
|0|.............255 117 1|
|0|.............255 117 1|
|0|.............255 117 1|
|0|.............255 117 1|
|0|.............255 117 1|
|0|.............255 117 1|
|0|.............255 117 1|
|0|.............255 117 1|
|0|.............255 117 1|
|0|.............255 117 1|
|0|.............255 117 1|
|0|.............000 000 0|
|0|.............000 000 0|
|0|.............172 126 1|
|0|.............172 126 1|
|0|.............000 000 0|
|0|.............000 000 0|
|0|.............255 127 1|
|0|.............255 127 1|
|0|.............255 127 1|
|0|.............255 127 1|
|0|.............255 127 1|
|0|.............255 127 1|
|0|.............255 127 1|
|0|.............255 127 1|
|0|.............255 127 1|
|0|.............255 127 1|
|0|.............255 127 1|
|0|.............255 127 1|
|0|.............255 127 1|
|0|.............255 127 1|
|0|.............255 127 1|
|0|.............255 127 1|
|0|.............255 127 1|
|0|.............255 127 1|
|0|.............255 127 1|
|0|.............255 127 1|
|0|.............255 127 1|
|0|.............255 127 1|
|0|.............255 127 1|
|0|.............255 127 1|
|0|.............255 127 1|
|0|.............255 127 1|
|0|.............255 127 1|
|0|.............255 127 1|
|0|.............255 127 1|
|0|.............255 127 1|
|0|.............255 127 1|
|0|.............255 127 1|
|0|.............255 127 1|
|0|.............255 127 1|
|0|.............255 127 1|
|0|.............255 127 1|
|0|.............255 127 1|
|0|.............255 127 1|
|0|.............255 127 1|
|0|.............255 127 1|
|0|.............255 127 1|
|0|.............255 127 1|
|0|.............255 127 1|
|0|.............255 192 1|
|0|.............255 192 1|
|0|.............255 192 1|
|0|.............255 192 1|
|0|.............255 192 1|
|0|.............255 192 1|
|0|.............255 192 1|
|0|.............255 192 1|
|0|.............255 192 1|
|0|.............255 192 1|
|0|.............255 192 1|
|0|.............255 192 1|
|0|.............255 192 1|
|0|.............255 192 1|
|0|.............255 192 1|
|0|.............255 192 1|
|0|.............255 192 1|
|0|.............255 192 1|
|0|.............255 192 1|
|0|.............255 192 1|
|0|.............255 192 1|
|0|.............255 192 1|
|0|.............255 192 1|
|0|.............255 192 1|
|0|.............255 192 1|
|0|.............255 192 1|
|0|.............255 192 1|
|0|.............255 192 1|
|0|.............255 192 1|
|0|.............255 192 1|
|0|.............255 192 1|
|0|.............255 192 1|
|0|.............255 192 1|
|0|.............255 192 1|
|0|.............255 192 1|
|0|.............255 192 1|
|0|.............255 192 1|
|0|.............255 192 1|
|0|.............255 192 1|
|0|.............255 192 1|
|0|.............255 192 1|
|0|.............255 192 1|
|0|.............255 192 1|
|0|.............255 192 1|
|0|.............255 192 1|
|0|.............255 192 1|
|0|.............255 192 1|
|0|.............255 192 1|
|0|.............255 192 1|
|0|.............255 192 1|
|0|.............255 192 1|
|0|.............255 192 1|
|0|.............255 192 1|
|0|.............255 192 1|
|0|.............255 192 1|
|0|.............255 192 1|
|0|.............255 192 1|
|0|.............255 192 1|
|0|.............255 192 1|
|0|.............255 192 1|
|0|.............255 192 1|
|0|.............255 192 1|
|0|.............255 192 1|
|0|.............255 192 1|
|0|.............255 192 1|
|0|.............255 192 1|
|0|.............255 192 1|
|0|.............255 192 1|
|0|.............255 192 1|
|0|.............255 192 1|
|0|.............255 192 1|
|0|.............255 192 1|
|0|.............255 192 1|
|0|.............255 192 1|
|0|.............255 192 1|
|0|.............255 192 1|
|0|.............255 192 1|
|0|.............255 192 1|
|0|.............255 192 1|
|0|.............255 192 1|
|0|.............255 192 1|
|0|.............255 192 1|
|0|.............255 192 1|
|0|.............255 192 1|
|0|.............255 192 1|
|0|.............255 192 1|
|0|.............255 192 1|
|0|.............255 192 1|
|0|.............255 192 1|
|0|.............255 192 1|
|0|.............255 192 1|
|0|.............255 192 1|
|0|.............255 192 1|
|0|.............255 192 1|
|0|.............255 192 1|
|0|.............255 192 1|
|0|.............255 192 1|
|0|.............255 192 1|
|0|.............255 192 1|
|0|.............255 192 1|
|0|.............255 192 1|
|0|.............255 192 1|
|0|.............255 192 1|
|0|.............255 192 1|
|0|.............255 192 1|
|0|.............255 192 1|
|0|.............255 192 1|
|0|.............255 192 1|
|0|.............255 192 1|
|0|.............255 192 1|
|0|.............255 192 1|
|0|.............255 192 1|
|0|.............255 192 1|
|0|.............255 192 1|
|0|.............255 192 1|
|0|.............255 192 1|
|0|.............255 192 1|
|0|.............255 192 1|
|0|.............255 192 1|
|0|.............255 192 1|
|0|.............255 192 1|
|0|.............255 192 1|
|0|.............255 192 1|
|0|.............255 192 1|
|0|.............255 192 1|
|0|.............255 192 1|
|0|.............255 192 1|
|0|.............255 192 1|
|0|.............255 192 1|
|0|.............255 192 1|
|0|.............255 192 1|
|0|.............255 192 1|
|0|.............255 192 1|
|0|.............255 192 1|
|0|.............255 192 1|
|0|.............255 192 1|
|0|.............255 192 1|
|0|.............255 192 1|
|0|.............255 192 1|
|0|.............255 192 1|
|0|.............255 192 1|
|0|.............255 192 1|
|0|.............255 192 1|
|0|.............255 192 1|
|0|.............255 192 1|
|0|.............255 192 1|
|0|.............255 192 1|
|0|.............255 192 1|
|0|.............255 192 1|
|0|.............255 192 1|
|0|.............255 192 1|
|0|.............255 192 1|
|0|.............255 192 1|
|0|.............255 192 1|
|0|.............255 192 1|
|0|.............255 192 1|
|0|.............255 192 1|
|0|.............255 192 1|
|0|.............255 192 1|
|0|.............255 192 1|
|0|.............255 192 1|
|0|.............255 192 1|
|0|.............255 192 1|
|0|.............255 192 1|
|0|.............255 192 1|
|0|.............255 192 1|
|0|.............255 192 1|
|0|.............255 192 1|
|0|.............255 192 1|
|0|.............255 192 1|
|0|.............255 192 1|
|0|.............255 192 1|
|0|.............255 192 1|
|0|.............255 192 1|
|0|.............255 192 1|
|0|.............255 192 1|
|0|.............255 192 1|
|0|.............255 192 1|
|0|.............255 192 1|
|0|.............255 192 1|
|0|.............255 192 1|
|0|.............255 192 1|
|0|.............255 192 1|
|0|.............255 192 1|
|0|.............255 192 1|
|0|.............255 192 1|
|0|.............255 192 1|
|0|.............255 192 1|
|0|.............255 192 1|
|0|.............255 192 1|
|0|.............255 192 1|
|0|.............255 192 1|
|0|.............255 192 1|
|0|.............255 192 1|
|0|.............255 192 1|
|0|.............255 192 1|
|0|.............255 192 1|
|0|.............255 192 1|
|0|.............255 192 1|
|0|.............255 192 1|
|0|.............255 192 1|
|0|.............255 192 1|
|0|.............255 192 1|
|0|.............255 192 1|
|0|.............255 192 1|
|0|.............255 192 1|
|0|.............255 192 1|
|0|.............255 192 1|
|0|.............255 192 1|
|0|.............255 192 1|
|0|.............255 192 1|
|0|.............255 192 1|
|0|.............255 192 1|
|0|.............255 192 1|
|0|.............255 192 1|
|0|.............255 192 1|
|0|.............255 192 1|
|0|.............255 192 1|
|0|.............255 192 1|
|0|.............255 192 1|
|0|.............255 192 1|
|0|.............255 192 1|
|0|.............255 192 1|
|0|.............255 192 1|
|0|.............255 192 1|
|0|.............255 192 1|
|0|.............255 192 1|
|0|.............255 192 1|
|0|.............255 192 1|
|0|.............255 192 1|
|0|.............255 192 1|
|0|.............255 192 1|
|0|.............255 192 1|
|0|.............255 192 1|
|0|.............255 192 1|
|0|.............255 192 1|
|0|.............255 192 1|
|0|.............255 192 1|
|0|.............255 192 1|
|0|.............255 192 1|
|0|.............255 192 1|
|0|.............255 192 1|
|0|.............255 192 1|
|0|.............255 192 1|
|0|.............255 192 1|
|0|.............255 192 1|
|0|.............255 192 1|
|0|.............255 192 1|
|0|.............255 192 1|
|0|.............255 192 1|
|0|.............255 192 1|
|0|.............255 192 1|
|0|.............255 192 1|
|0|.............255 192 1|
|0|.............255 192 1|
|0|.............255 192 1|
|0|.............255 192 1|
|0|.............255 192 1|
|0|.............255 192 1|
|0|.............255 192 1|
|0|.............255 192 1|
|0|.............255 192 1|
|0|.............255 192 1|
|0|.............255 192 1|
|0|.............255 192 1|
|0|.............255 192 1|
|0|.............255 192 1|
|0|.............255 192 1|
|0|.............255 192 1|
|0|.............255 192 1|
|0|.............255 192 1|
|0|.............255 192 1|
|0|.............255 192 1|
|0|.............255 192 1|
|0|.............255 192 1|
|0|.............255 192 1|
|0|.............255 192 1|
|0|.............255 192 1|
|0|.............255 192 1|
|0|.............255 192 1|
|0|.............255 192 1|
|0|.............255 192 1|
|0|.............255 192 1|
|0|.............255 192 1|
|0|.............255 192 1|
|0|.............255 192 1|
|0|.............255 192 1|
|0|.............255 192 1|
|0|.............255 192 1|
|0|.............255 192 1|
|0|.............255 192 1|
|0|.............255 192 1|
|0|.............255 192 1|
|0|.............255 192 1|
|0|.............255 192 1|
|0|.............255 192 1|
|0|.............255 192 1| * Collect level 7-8 starite *
|0|.............000 000 0|
