|0|.............216 098 1|
|0|.............000 000 0|
|0|.............000 000 0|
|0|.............048 098 1|
|0|.............000 000 0|
|0|.............000 000 0|
|0|.............096 062 1|
|0|.............000 000 0|
|0|.............000 000 0|
|0|.............132 098 1|
|0|.............000 000 0|
|0|.............000 000 0|
|0|.............076 062 1|
|0|.............000 000 0|
|0|.............000 000 0|
|0|.............132 176 1|
|0|.............000 000 0|
|0|.............000 000 0|
|0|.............070 098 1|
|0|.............000 000 0|
|0|.............000 000 0|
|0|.............110 132 1|
|0|.............000 000 0|
|0|.............000 000 0|
|0|.............048 098 1|
|0|.............000 000 0|
|0|.............000 000 0|
|0|.............216 098 1|
|0|.............000 000 0|
|0|.............000 000 0|
|0|.............076 062 1|
|0|.............000 000 0|
|0|.............000 000 0|
|0|.............160 176 1|
|0|.............000 000 0|
|0|.............000 000 0|
|0|.............132 098 1|
|0|.............000 000 0|
|0|.............000 000 0|
|0|.............202 062 1|
|0|.............000 000 0|
|0|.............000 000 0|
|0|.............216 098 1|
|0|.............000 000 0|
|0|.............000 000 0|
|0|.............090 098 1|
|0|.............000 000 0|
|0|.............000 000 0|
|0|.............076 062 1|
|0|.............000 000 0|
|0|.............000 000 0|
|0|.............174 132 1|
|0|.............000 000 0|
|0|.............000 000 0|
|0|.............076 062 1|
|0|.............000 000 0|
|0|.............000 000 0|
|0|.............140 062 1|
|0|.............000 000 0|
|0|.............000 000 0|
|0|.............076 062 1|
|0|.............000 000 0|
|0|.............000 000 0|
|0|.............242 176 1|
|0|.............000 000 0| * LARGE-SCALE GOLDENEYE has been typed *
|0|.............000 000 0|
|0|.............000 000 0|
|0|.............000 000 0|
|0|.............000 000 0|
|0|.............000 000 0|
|0|.............000 000 0|
|0|.............000 000 0|
|0|.............000 000 0|
|0|.............000 000 0|
|0|.............000 000 0|
|0|.............000 000 0|
|0|.............000 000 0|
|0|.............000 000 0|
|0|.............000 000 0|
|0|.............000 000 0|
|0|.............000 000 0|
|0|.............000 000 0|
|0|.............000 000 0|
|0|.............000 000 0|
|0|.............000 000 0|
|0|.............000 000 0|
|0|.............000 000 0|
|0|.............000 000 0|
|0|.............000 000 0|
|0|.............000 000 0|
|0|.............000 000 0|
|0|.............000 000 0|
|0|.............000 000 0|
|0|.............000 000 0|
|0|.............000 000 0|
|0|.............000 000 0|
|0|.............000 000 0|
|0|.............000 000 0|
|0|.............000 000 0|
|0|.............000 000 0|
|0|.............000 000 0|
|0|.............000 000 0|
|0|.............000 000 0|
|0|.............000 000 0|
|0|.............000 000 0|
|0|.............000 000 0|
|0|.............000 000 0|
|0|.............130 088 1|
|0|.............130 088 1|
|0|.............110 104 1|
|0|.............110 104 1|
|0|.............110 104 1|
|0|.............110 104 1|
|0|.............110 104 1|
|0|.............110 104 1|
|0|.............110 104 1|
|0|.............110 104 1|
|0|.............110 104 1|
|0|.............110 104 1|
|0|.............000 000 0|
|0|.............000 000 0|
|0|.............000 000 0|
|0|.............000 000 0|
|0|.............000 000 0|
|0|.............190 078 1|
|0|.............000 000 0|
|0|.............000 000 0|
|0|.............000 000 0|
|0|.............106 000 1|
|0|.............106 000 1|
|0|.............106 000 1|
|0|.............106 000 1|
|0|.............106 000 1|
|0|.............106 000 1|
|0|.............106 000 1|
|0|.............106 000 1|
|0|.............106 000 1|
|0|.............106 000 1|
|0|.............106 000 1|
|0|.............106 000 1|
|0|.............106 000 1|
|0|.............106 000 1|
|0|.............106 000 1|
|0|.............106 000 1|
|0|.............106 000 1|
|0|.............106 000 1|
|0|.............106 000 1|
|0|.............106 000 1|
|0|.............106 000 1|
|0|.............106 000 1|
|0|.............106 000 1|
|0|.............106 000 1|
|0|.............106 000 1|
|0|.............106 000 1|
|0|.............106 000 1|
|0|.............106 000 1|
|0|.............106 000 1|
|0|.............106 000 1|
|0|.............106 000 1|
|0|.............106 000 1|
|0|.............106 000 1|
|0|.............106 000 1|
|0|.............106 000 1|
|0|.............106 000 1|
|0|.............106 000 1|
|0|.............106 000 1|
|0|.............106 000 1|
|0|.............106 000 1|
|0|.............106 000 1|
|0|.............106 000 1|
|0|.............106 000 1|
|0|.............106 000 1|
|0|.............106 000 1|
|0|.............106 000 1|
|0|.............106 000 1|
|0|.............106 000 1|
|0|.............106 000 1|
|0|.............106 000 1|
|0|.............106 000 1|
|0|.............106 000 1|
|0|.............106 000 1|
|0|.............106 000 1|
|0|.............106 000 1|
|0|.............106 000 1|
|0|.............106 000 1|
|0|.............106 000 1|
|0|.............106 000 1|
|0|.............106 000 1|
|0|.............106 000 1|
|0|.............106 000 1|
|0|.............106 000 1|
|0|.............106 000 1|
|0|.............106 000 1|
|0|.............106 000 1|
|0|.............106 000 1|
|0|.............106 000 1|
|0|.............106 000 1|
|0|.............106 000 1|
|0|.............106 000 1|
|0|.............106 000 1|
|0|.............106 000 1|
|0|.............106 000 1|
|0|.............106 000 1|
|0|.............106 000 1|
|0|.............106 000 1|
|0|.............106 000 1|
|0|.............106 000 1|
|0|.............106 000 1|
|0|.............106 000 1|
|0|.............106 000 1|
|0|.............106 000 1|
|0|.............106 000 1|
|0|.............106 000 1|
|0|.............106 000 1|
|0|.............106 000 1|
|0|.............106 000 1|
|0|.............106 000 1|
|0|.............106 000 1|
|0|.............106 000 1|
|0|.............106 000 1|
|0|.............106 000 1|
|0|.............106 000 1|
|0|.............106 000 1|
|0|.............106 000 1|
|0|.............106 000 1|
|0|.............106 000 1|
|0|.............106 000 1|
|0|.............106 000 1|
|0|.............106 000 1|
|0|.............106 000 1|
|0|.............106 000 1|
|0|.............106 000 1|
|0|.............106 000 1|
|0|.............106 000 1|
|0|.............106 000 1|
|0|.............106 000 1|
|0|.............106 000 1|
|0|.............106 000 1|
|0|.............106 000 1|
|0|.............106 000 1|
|0|.............106 000 1|
|0|.............106 000 1|
|0|.............106 000 1|
|0|.............106 000 1|
|0|.............106 000 1|
|0|.............106 000 1|
|0|.............106 000 1|
|0|.............106 000 1|
|0|.............106 000 1|
|0|.............106 000 1|
|0|.............106 000 1|
|0|.............106 000 1|
|0|.............106 000 1|
|0|.............106 000 1|
|0|.............106 000 1|
|0|.............106 000 1|
|0|.............106 000 1|
|0|.............106 000 1|
|0|.............106 000 1|
|0|.............106 000 1|
|0|.............106 000 1|
|0|.............106 000 1|
|0|.............106 000 1|
|0|.............106 000 1|
|0|.............106 000 1|
|0|.............106 000 1|
|0|.............106 000 1|
|0|.............106 000 1|
|0|.............106 000 1|
|0|.............106 000 1|
|0|.............106 000 1|
|0|.............106 000 1|
|0|.............106 000 1|
|0|.............106 000 1|
|0|.............106 000 1|
|0|.............106 000 1|
|0|.............106 000 1|
|0|.............106 000 1|
|0|.............106 000 1|
|0|.............106 000 1|
|0|.............106 000 1|
|0|.............106 000 1|
|0|.............106 000 1|
|0|.............106 000 1|
|0|.............106 000 1|
|0|.............106 000 1|
|0|.............106 000 1|
|0|.............106 000 1|
|0|.............106 000 1|
|0|.............106 000 1|
|0|.............106 000 1|
|0|.............106 000 1|
|0|.............106 000 1|
|0|.............106 000 1|
|0|.............106 000 1|
|0|.............106 000 1|
|0|.............106 000 1|
|0|.............106 000 1|
|0|.............106 000 1|
|0|.............106 000 1|
|0|.............106 000 1|
|0|.............106 000 1|
|0|.............106 000 1|
|0|.............106 000 1|
|0|.............106 000 1|
|0|.............106 000 1|
|0|.............106 000 1|
|0|.............106 000 1|
|0|.............106 000 1|
|0|.............106 000 1|
|0|.............106 000 1|
|0|.............106 000 1|
|0|.............106 000 1|
|0|.............106 000 1|
|0|.............106 000 1|
|0|.............106 000 1|
|0|.............106 000 1|
|0|.............106 000 1|
|0|.............106 000 1|
|0|.............106 000 1|
|0|.............106 000 1|
|0|.............106 000 1|
|0|.............106 000 1|
|0|.............106 000 1|
|0|.............106 000 1|
|0|.............106 000 1|
|0|.............106 000 1|
|0|.............106 000 1|
|0|.............106 000 1|
|0|.............106 000 1|
|0|.............106 000 1|
|0|.............106 000 1|
|0|.............106 000 1|
|0|.............106 000 1|
|0|.............106 000 1|
|0|.............106 000 1|
|0|.............106 000 1|
|0|.............106 000 1|
|0|.............106 000 1|
|0|.............106 000 1|
|0|.............106 000 1|
|0|.............106 000 1|
|0|.............106 000 1|
|0|.............106 000 1|
|0|.............106 000 1|
|0|.............106 000 1|
|0|.............106 000 1|
|0|.............106 000 1|
|0|.............106 000 1|
|0|.............106 000 1|
|0|.............106 000 1|
|0|.............106 000 1|
|0|.............106 000 1|
|0|.............000 078 1|
|0|.............000 078 1|
|0|.............000 078 1|
|0|.............000 078 1|
|0|.............000 078 1|
|0|.............000 078 1|
|0|.............000 078 1|
|0|.............000 078 1|
|0|.............000 078 1|
|0|.............000 078 1|
|0|.............000 078 1|
|0|.............000 078 1|
|0|.............000 078 1|
|0|.............000 078 1|
|0|.............000 078 1|
|0|.............000 078 1|
|0|.............000 078 1|
|0|.............000 078 1|
|0|.............000 078 1|
|0|.............000 078 1|
|0|.............000 078 1|
|0|.............000 078 1|
|0|.............000 078 1|
|0|.............000 078 1|
|0|.............000 078 1|
|0|.............000 078 1|
|0|.............000 078 1|
|0|.............000 078 1|
|0|.............000 078 1|
|0|.............000 078 1|
|0|.............000 078 1|
|0|.............000 078 1|
|0|.............000 078 1|
|0|.............000 078 1|
|0|.............000 078 1|
|0|.............000 078 1|
|0|.............000 078 1|
|0|.............000 078 1|
|0|.............000 078 1|
|0|.............000 078 1|
|0|.............000 078 1|
|0|.............000 078 1|
|0|.............000 078 1|
|0|.............000 078 1|
|0|.............000 078 1|
|0|.............000 078 1|
|0|.............000 078 1|
|0|.............000 078 1|
|0|.............000 078 1|
|0|.............000 078 1|
|0|.............000 078 1|
|0|.............000 078 1|
|0|.............000 078 1|
|0|.............000 078 1|
|0|.............000 078 1|
|0|.............000 078 1|
|0|.............000 078 1|
|0|.............000 078 1|
|0|.............000 078 1|
|0|.............000 078 1|
|0|.............000 078 1|
|0|.............000 078 1|
|0|.............000 078 1|
|0|.............000 078 1|
|0|.............000 078 1|
|0|.............000 078 1|
|0|.............000 078 1|
|0|.............000 078 1|
|0|.............000 078 1|
|0|.............000 078 1|
|0|.............000 078 1|
|0|.............000 078 1|
|0|.............000 078 1|
|0|.............000 078 1|
|0|.............000 078 1|
|0|.............000 078 1|
|0|.............000 078 1|
|0|.............000 078 1|
|0|.............000 078 1|
|0|.............000 078 1|
|0|.............000 078 1|
|0|.............000 078 1|
|0|.............000 078 1|
|0|.............000 078 1|
|0|.............000 078 1|
|0|.............000 078 1|
|0|.............000 078 1|
|0|.............000 078 1|
|0|.............000 078 1|
|0|.............000 078 1|
|0|.............000 078 1|
|0|.............000 078 1|
|0|.............000 078 1|
|0|.............000 078 1|
|0|.............000 078 1|
|0|.............000 078 1|
|0|.............000 078 1|
|0|.............000 078 1|
|0|.............000 078 1|
|0|.............000 078 1|
|0|.............000 078 1|
|0|.............000 078 1|
|0|.............000 078 1|
|0|.............000 078 1|
|0|.............000 078 1|
|0|.............000 078 1|
|0|.............000 078 1|
|0|.............000 078 1|
|0|.............000 078 1|
|0|.............000 078 1|
|0|.............000 078 1|
|0|.............000 078 1|
|0|.............000 078 1|
|0|.............000 078 1|
|0|.............000 078 1|
|0|.............000 078 1|
|0|.............000 078 1|
|0|.............000 078 1|
|0|.............000 078 1|
|0|.............000 078 1|
|0|.............000 078 1|
|0|.............000 078 1|
|0|.............000 078 1|
|0|.............000 078 1|
|0|.............000 078 1|
|0|.............000 078 1|
|0|.............000 078 1|
|0|.............000 078 1|
|0|.............000 078 1|
|0|.............000 078 1|
|0|.............000 078 1|
|0|.............000 078 1|
|0|.............000 078 1|
|0|.............000 078 1|
|0|.............000 078 1|
|0|.............000 078 1|
|0|.............000 078 1|
|0|.............000 078 1|
|0|.............000 078 1|
|0|.............000 078 1|
|0|.............000 078 1|
|0|.............000 078 1|
|0|.............000 078 1|
|0|.............000 078 1|
|0|.............000 078 1|
|0|.............000 078 1|
|0|.............000 078 1|
|0|.............000 078 1|
|0|.............000 078 1|
|0|.............000 078 1|
|0|.............000 078 1|
|0|.............000 078 1|
|0|.............000 078 1|
|0|.............000 078 1|
|0|.............000 078 1|
|0|.............000 078 1|
|0|.............000 078 1|
|0|.............000 078 1|
|0|.............000 078 1|
|0|.............000 078 1|
|0|.............255 085 1|
|0|.............255 085 1|
|0|.............255 085 1|
|0|.............255 085 1|
|0|.............255 085 1|
|0|.............255 085 1|
|0|.............255 085 1|
|0|.............255 085 1|
|0|.............255 085 1|
|0|.............255 085 1|
|0|.............255 085 1|
|0|.............255 085 1|
|0|.............255 085 1|
|0|.............255 085 1|
|0|.............255 085 1|
|0|.............255 085 1|
|0|.............255 085 1|
|0|.............255 085 1|
|0|.............255 085 1|
|0|.............255 085 1|
|0|.............255 085 1|
|0|.............255 085 1|
|0|.............255 085 1|
|0|.............255 085 1|
|0|.............255 085 1|
|0|.............255 085 1|
|0|.............255 085 1|
|0|.............255 085 1|
|0|.............255 085 1|
|0|.............255 085 1|
|0|.............255 085 1|
|0|.............255 085 1|
|0|.............255 085 1|
|0|.............255 085 1|
|0|.............255 085 1|
|0|.............255 085 1|
|0|.............255 085 1|
|0|.............255 085 1|
|0|.............255 085 1|
|0|.............255 085 1|
|0|.............255 085 1|
|0|.............255 085 1|
|0|.............255 085 1|
|0|.............255 085 1|
|0|.............255 085 1|
|0|.............255 085 1|
|0|.............255 085 1|
|0|.............255 085 1|
|0|.............255 085 1|
|0|.............255 085 1|
|0|.............255 085 1|
|0|.............255 085 1|
|0|.............255 085 1|
|0|.............255 085 1|
|0|.............255 085 1|
|0|.............255 085 1|
|0|.............255 085 1|
|0|.............255 085 1|
|0|.............255 085 1|
|0|.............255 085 1|
|0|.............255 085 1|
|0|.............255 085 1|
|0|.............255 085 1|
|0|.............255 085 1|
|0|.............255 085 1|
|0|.............255 085 1|
|0|.............255 085 1|
|0|.............255 085 1|
|0|.............255 085 1|
|0|.............255 085 1|
|0|.............255 085 1|
|0|.............255 085 1|
|0|.............255 085 1|
|0|.............255 085 1|
|0|.............255 085 1|
|0|.............255 085 1|
|0|.............255 085 1|
|0|.............255 085 1|
|0|.............255 085 1|
|0|.............255 085 1|
|0|.............255 085 1|
|0|.............255 085 1|
|0|.............255 087 1|
|0|.............255 087 1|
|0|.............232 087 1|
|0|.............192 087 1|
|0|.............148 087 1|
|0|.............128 087 1|
|0|.............084 088 1|
|0|.............040 088 1|
|0|.............004 088 1|
|0|.............000 087 1|
|0|.............000 087 1|
|0|.............000 086 1|
|0|.............000 086 1|
|0|.............000 086 1|
|0|.............000 086 1|
|0|.............000 086 1|
|0|.............000 086 1|
|0|.............000 086 1|
|0|.............000 086 1|
|0|.............000 086 1|
|0|.............000 086 1|
|0|.............000 086 1|
|0|.............000 086 1|
|0|.............000 086 1|
|0|.............000 086 1|
|0|.............000 086 1|
|0|.............000 086 1|
|0|.............000 086 1|
|0|.............000 086 1|
|0|.............000 086 1|
|0|.............000 086 1|
|0|.............000 086 1|
|0|.............000 086 1|
|0|.............000 086 1|
|0|.............000 086 1|
|0|.............000 086 1|
|0|.............000 086 1|
|0|.............000 086 1|
|0|.............000 086 1|
|0|.............000 086 1|
|0|.............000 086 1|
|0|.............000 086 1|
|0|.............000 086 1|
|0|.............000 086 1|
|0|.............000 086 1|
|0|.............000 086 1|
|0|.............000 086 1|
|0|.............000 086 1|
|0|.............000 086 1|
|0|.............000 086 1|
|0|.............000 086 1|
|0|.............000 086 1|
|0|.............000 086 1|
|0|.............000 086 1|
|0|.............000 086 1|
|0|.............000 086 1|
|0|.............000 086 1|
|0|.............000 086 1|
|0|.............000 086 1|
|0|.............000 086 1|
|0|.............000 086 1|
|0|.............000 086 1|
|0|.............000 086 1|
|0|.............000 086 1|
|0|.............000 086 1|
|0|.............000 086 1|
|0|.............000 086 1|
|0|.............000 086 1|
|0|.............000 086 1|
|0|.............000 086 1|
|0|.............000 086 1|
|0|.............000 086 1|
|0|.............000 086 1|
|0|.............000 086 1|
|0|.............000 086 1|
|0|.............000 086 1|
|0|.............000 086 1|
|0|.............000 086 1|
|0|.............000 086 1|
|0|.............000 086 1|
|0|.............000 086 1|
|0|.............000 086 1|
|0|.............000 086 1|
|0|.............000 086 1|
|0|.............000 086 1|
|0|.............000 086 1|
|0|.............000 086 1|
|0|.............000 086 1|
|0|.............000 086 1|
|0|.............000 086 1|
|0|.............000 086 1|
|0|.............000 086 1|
|0|.............000 086 1|
|0|.............000 086 1|
|0|.............000 086 1|
|0|.............000 086 1|
|0|.............000 086 1|
|0|.............000 086 1|
|0|.............000 086 1|
|0|.............000 086 1|
|0|.............000 086 1|
|0|.............000 086 1|
|0|.............000 086 1|
|0|.............000 086 1|
|0|.............000 086 1|
|0|.............000 086 1|
|0|.............000 086 1|
|0|.............000 086 1|
|0|.............000 086 1|
|0|.............000 086 1|
|0|.............000 086 1|
|0|.............000 086 1|
|0|.............000 086 1|
|0|.............000 086 1|
|0|.............000 086 1|
|0|.............000 086 1|
|0|.............000 086 1|
|0|.............000 086 1|
|0|.............000 086 1|
|0|.............000 086 1|
|0|.............000 086 1|
|0|.............000 086 1|
|0|.............000 086 1|
|0|.............000 086 1|
|0|.............000 086 1|
|0|.............000 086 1|
|0|.............000 086 1|
|0|.............000 086 1|
|0|.............000 086 1|
|0|.............000 086 1|
|0|.............000 086 1|
|0|.............000 086 1|
|0|.............000 086 1|
|0|.............000 086 1|
|0|.............000 086 1|
|0|.............000 086 1|
|0|.............000 086 1|
|0|.............000 086 1|
|0|.............000 086 1|
|0|.............000 086 1|
|0|.............000 086 1|
|0|.............000 086 1|
|0|.............000 086 1|
|0|.............000 086 1|
|0|.............000 086 1|
|0|.............000 086 1|
|0|.............000 086 1|
|0|.............000 086 1|
|0|.............000 086 1|
|0|.............000 086 1|
|0|.............000 086 1|
|0|.............000 086 1|
|0|.............000 000 0|
|0|.............000 000 0|
|0|.............012 046 1|
|0|.............012 046 1|
|0|.............000 000 0|
|0|.............000 000 0|
|0|.............000 000 0|
|0|.............000 000 0|
|0|.............000 000 0|
|0|.............000 000 0|
|0|.............000 000 0|
|0|.............184 079 1|
|0|.............000 000 0|
|0|.............000 000 0|
|0|.............000 000 0|
|0|.............000 000 0|
|0|.............000 000 0|
|0|.............000 000 0|
|0|.............000 000 0|
|0|.............000 000 0|
|0|.............000 000 0|
|0|.............000 000 0|
|0|.............000 000 0|
|0|.............000 000 0|
|0|.............000 000 0|
|0|.............000 000 0|
|0|.............000 000 0|
|0|.............000 000 0|
|0|.............000 000 0|
|0|.............000 000 0|
|0|.............000 000 0|
|0|.............000 000 0|
|0|.............000 000 0|
|0|.............000 000 0|
|0|.............000 000 0|
|0|.............000 000 0|
|0|.............000 000 0|
|0|.............000 000 0|
|0|.............000 000 0|
|0|.............000 000 0|
|0|.............000 000 0|
|0|.............000 000 0|
|0|.............000 000 0|
|0|.............000 000 0|
|0|.............000 000 0|
|0|.............000 000 0|
|0|.............000 000 0|
|0|.............000 000 0|
|0|.............000 000 0|
|0|.............000 000 0|
|0|.............000 000 0|
|0|.............000 000 0|
|0|.............000 000 0|
|0|.............000 000 0|
|0|.............000 000 0|
|0|.............000 000 0|
|0|.............000 000 0|
|0|.............000 000 0|
|0|.............000 000 0|
|0|.............000 000 0|
|0|.............000 000 0|
|0|.............000 000 0|
|0|.............000 000 0|
|0|.............000 000 0|
|0|.............000 000 0|
|0|.............000 000 0|
|0|.............000 000 0|
|0|.............000 000 0|
|0|.............000 000 0|
|0|.............000 000 0|
|0|.............000 000 0|
|0|.............000 000 0|
|0|.............000 000 0|
|0|.............000 000 0|
|0|.............000 000 0|
|0|.............000 000 0|
|0|.............000 000 0|
|0|.............000 000 0|
|0|.............000 000 0|
|0|.............000 000 0|
|0|.............000 000 0|
|0|.............000 000 0|
|0|.............000 000 0|
|0|.............000 000 0|
|0|.............000 000 0|
|0|.............000 000 0|
|0|.............000 000 0|
|0|.............000 000 0|
|0|.............000 000 0|
|0|.............000 000 0|
|0|.............000 000 0|
|0|.............000 000 0|
|0|.............000 000 0|
|0|.............000 000 0|
|0|.............000 000 0|
|0|.............000 000 0|
|0|.............000 000 0|
|0|.............000 000 0|
|0|.............000 000 0|
|0|.............000 000 0|
|0|.............000 000 0|
|0|.............000 000 0|
|0|.............000 000 0|
|0|.............000 000 0|
|0|.............000 000 0|
|0|.............000 000 0|
|0|.............000 000 0|
|0|.............000 000 0|
|0|.............000 000 0|
|0|.............000 000 0|
|0|.............000 000 0|
|0|.............000 000 0|
|0|.............000 000 0|
|0|.............000 000 0|
|0|.............000 000 0|
|0|.............000 000 0|
|0|.............000 000 0|
|0|.............000 000 0|
|0|.............000 000 0|
|0|.............000 000 0|
|0|.............000 000 0|
|0|.............000 000 0|
|0|.............000 000 0|
|0|.............000 000 0|
|0|.............000 000 0|
|0|.............000 000 0|
|0|.............000 000 0|
|0|.............000 000 0|
|0|.............000 000 0|
|0|.............000 000 0|
|0|.............000 000 0|
|0|.............000 000 0|
|0|.............000 000 0|
|0|.............000 000 0|
|0|.............000 000 0|
|0|.............000 000 0|
|0|.............000 000 0|
|0|.............000 000 0|
|0|.............000 000 0|
|0|.............000 000 0|
|0|.............000 000 0|
|0|.............000 000 0|
|0|.............000 000 0|
|0|.............000 000 0|
|0|.............000 000 0|
|0|.............000 000 0|
|0|.............000 000 0|
|0|.............000 000 0|
|0|.............000 000 0|
|0|.............000 000 0|
|0|.............000 000 0|
|0|.............000 000 0|
|0|.............000 000 0|
|0|.............000 000 0|
|0|.............000 000 0|
|0|.............000 000 0|
|0|.............000 000 0|
|0|.............000 000 0|
|0|.............000 000 0|
|0|.............000 000 0|
|0|.............000 000 0|
|0|.............000 000 0|
|0|.............000 000 0|
|0|.............000 000 0|
|0|.............000 000 0|
|0|.............000 000 0|
|0|.............000 000 0|
|0|.............000 000 0|
|0|.............000 000 0|
|0|.............000 000 0|
|0|.............000 000 0|
|0|.............000 000 0|
|0|.............000 000 0|
|0|.............000 000 0|
|0|.............000 000 0|
|0|.............000 000 0|
|0|.............000 000 0|
|0|.............000 000 0|
|0|.............000 000 0|
|0|.............000 000 0|
|0|.............000 000 0|
|0|.............000 000 0|
|0|.............000 000 0|
|0|.............000 000 0|
|0|.............000 000 0|
|0|.............000 000 0|
|0|.............000 000 0|
|0|.............000 000 0|
|0|.............000 000 0|
|0|.............000 000 0|
|0|.............000 000 0|
|0|.............000 000 0|
|0|.............000 000 0|
|0|.............000 000 0|
|0|.............000 000 0|
|0|.............000 000 0|
|0|.............000 000 0|
|0|.............000 000 0|
|0|.............000 000 0|
|0|.............000 000 0|
|0|.............000 000 0|
|0|.............000 000 0|
|0|.............000 000 0|
|0|.............000 000 0|
|0|.............000 000 0|
|0|.............000 000 0|
|0|.............000 000 0|
|0|.............000 000 0|
|0|.............000 000 0|
|0|.............000 000 0|
|0|.............000 000 0|
|0|.............000 000 0|
|0|.............000 000 0|
|0|.............000 000 0|
|0|.............000 000 0|
|0|.............000 000 0|
|0|.............000 000 0|
|0|.............000 000 0|
|0|.............000 000 0|
|0|.............000 000 0|
|0|.............000 000 0|
|0|.............000 000 0|
|0|.............000 000 0|
|0|.............000 000 0|
|0|.............000 000 0|
|0|.............000 000 0|
|0|.............000 000 0|
|0|.............000 000 0|
|0|.............000 000 0|
|0|.............000 000 0|
|0|.............000 000 0|
|0|.............000 000 0|
|0|.............000 000 0|
|0|.............000 000 0|
|0|.............000 000 0|
|0|.............000 000 0|
|0|.............000 000 0|
|0|.............000 000 0|
|0|.............000 000 0|
|0|.............000 000 0|
|0|.............000 000 0|
|0|.............000 000 0|
|0|.............000 000 0|
|0|.............000 000 0|
|0|.............000 000 0|
|0|.............000 000 0|
|0|.............000 000 0|
|0|.............000 000 0|
|0|.............000 000 0|
|0|.............000 000 0|
|0|.............000 000 0|
|0|.............000 000 0|
|0|.............000 000 0|
|0|.............000 000 0|
|0|.............000 000 0|
|0|.............000 000 0|
|0|.............000 000 0|
|0|.............000 000 0|
|0|.............000 000 0|
|0|.............000 000 0|
|0|.............000 000 0|
|0|.............000 000 0|
|0|.............000 000 0|
|0|.............000 000 0|
|0|.............000 000 0|
|0|.............000 000 0|
|0|.............000 000 0|
|0|.............000 000 0|
|0|.............000 000 0|
|0|.............000 000 0|
|0|.............000 000 0|
|0|.............000 000 0|
|0|.............000 000 0|
|0|.............000 000 0|
|0|.............000 000 0|
|0|.............000 000 0|
|0|.............000 000 0|
|0|.............000 000 0|
|0|.............000 000 0|
|0|.............000 000 0|
|0|.............000 000 0|
|0|.............000 000 0|
|0|.............000 000 0|
|0|.............000 000 0|
|0|.............000 000 0|
|0|.............000 000 0|
|0|.............000 000 0|
|0|.............000 000 0|
|0|.............000 000 0|
|0|.............000 000 0|
|0|.............000 000 0|
|0|.............000 000 0|
|0|.............000 000 0|
|0|.............000 000 0|
|0|.............000 000 0|
|0|.............000 000 0|
|0|.............000 000 0|
|0|.............000 000 0|
|0|.............000 000 0|
|0|.............000 000 0|
|0|.............000 000 0|
|0|.............000 000 0|
|0|.............000 000 0|
|0|.............000 000 0|
|0|.............000 000 0|
|0|.............000 000 0|
|0|.............000 000 0|
|0|.............000 000 0|
|0|.............000 000 0|
|0|.............000 000 0|
|0|.............000 000 0|
|0|.............000 000 0|
|0|.............000 000 0|
|0|.............000 000 0|
|0|.............000 000 0|
|0|.............000 000 0|
|0|.............000 000 0|
|0|.............000 000 0|
|0|.............000 000 0|
|0|.............000 000 0|
|0|.............000 000 0|
|0|.............000 000 0|
|0|.............000 000 0|
|0|.............000 000 0|
|0|.............000 000 0|
|0|.............000 000 0|
|0|.............000 000 0|
|0|.............000 000 0|
|0|.............000 000 0|
|0|.............000 000 0|
|0|.............000 000 0|
|0|.............000 000 0|
|0|.............000 000 0|
|0|.............000 000 0|
|0|.............000 000 0|
|0|.............000 000 0|
|0|.............000 000 0|
|0|.............000 000 0|
|0|.............000 000 0|
|0|.............000 000 0|
|0|.............000 000 0|
|0|.............000 000 0|
|0|.............000 000 0|
|0|.............000 000 0|
|0|.............206 128 1|
|0|.............206 128 1|
|0|.............000 000 0|
|0|.............255 192 1|
|0|.............255 192 1|
|0|.............255 192 1|
|0|.............255 192 1|
|0|.............255 192 1|
|0|.............255 192 1|
|0|.............255 192 1|
|0|.............255 192 1|
|0|.............255 192 1|
|0|.............255 192 1|
|0|.............255 192 1|
|0|.............255 192 1|
|0|.............255 192 1|
|0|.............255 192 1|
|0|.............255 192 1|
|0|.............255 192 1|
|0|.............255 192 1|
|0|.............255 192 1|
|0|.............255 192 1|
|0|.............255 192 1|
|0|.............255 192 1|
|0|.............255 192 1|
|0|.............255 192 1|
|0|.............255 192 1|
|0|.............255 192 1|
|0|.............255 192 1|
|0|.............255 192 1|
|0|.............255 192 1|
|0|.............255 192 1|
|0|.............255 192 1|
|0|.............255 192 1|
|0|.............255 192 1|
|0|.............255 192 1|
|0|.............255 192 1|
|0|.............255 192 1|
|0|.............255 192 1|
|0|.............255 192 1|
|0|.............255 192 1|
|0|.............255 192 1|
|0|.............255 192 1|
|0|.............255 192 1|
|0|.............255 192 1|
|0|.............255 192 1|
|0|.............255 192 1|
|0|.............255 192 1|
|0|.............255 192 1|
|0|.............255 192 1|
|0|.............255 192 1|
|0|.............255 192 1|
|0|.............255 192 1|
|0|.............255 192 1|
|0|.............255 192 1|
|0|.............255 192 1|
|0|.............255 192 1|
|0|.............255 192 1|
|0|.............255 192 1|
|0|.............255 192 1|
|0|.............255 192 1|
|0|.............255 192 1|
|0|.............255 192 1|
|0|.............255 192 1|
|0|.............255 192 1|
|0|.............255 192 1|
|0|.............255 192 1|
|0|.............255 192 1|
|0|.............255 192 1|
|0|.............255 192 1|
|0|.............255 192 1|
|0|.............255 192 1|
|0|.............255 192 1|
|0|.............255 192 1|
|0|.............255 192 1|
|0|.............255 192 1|
|0|.............255 192 1|
|0|.............255 192 1|
|0|.............255 192 1|
|0|.............255 192 1|
|0|.............255 192 1|
|0|.............255 192 1|
|0|.............255 192 1|
|0|.............255 192 1|
|0|.............255 192 1|
|0|.............255 192 1|
|0|.............255 192 1|
|0|.............255 192 1|
|0|.............255 192 1|
|0|.............255 192 1|
|0|.............255 192 1|
|0|.............255 192 1|
|0|.............255 192 1|
|0|.............255 192 1|
|0|.............255 192 1|
|0|.............255 192 1|
|0|.............255 077 1|
|0|.............255 077 1|
|0|.............255 077 1|
|0|.............255 077 1|
|0|.............255 077 1|
|0|.............255 077 1|
|0|.............255 077 1|
|0|.............255 077 1|
|0|.............255 077 1|
|0|.............255 077 1|
|0|.............255 077 1|
|0|.............255 077 1|
|0|.............255 077 1|
|0|.............255 077 1|
|0|.............255 077 1|
|0|.............255 077 1|
|0|.............255 077 1|
|0|.............255 077 1|
|0|.............255 077 1|
|0|.............255 077 1|
|0|.............255 077 1|
|0|.............255 077 1|
|0|.............255 077 1|
|0|.............255 077 1|
|0|.............255 077 1|
|0|.............255 077 1|
|0|.............255 077 1|
|0|.............255 077 1|
|0|.............255 077 1|
|0|.............255 077 1|
|0|.............255 077 1|
|0|.............255 077 1|
|0|.............255 077 1|
|0|.............255 077 1|
|0|.............255 077 1|
|0|.............255 077 1|
|0|.............255 077 1|
|0|.............255 077 1|
|0|.............255 077 1|
|0|.............255 077 1|
|0|.............255 077 1|
|0|.............255 077 1|
|0|.............255 077 1|
|0|.............255 077 1|
|0|.............255 077 1|
|0|.............255 077 1|
|0|.............255 077 1|
|0|.............255 077 1|
|0|.............255 077 1|
|0|.............255 077 1|
|0|.............255 077 1|
|0|.............255 077 1|
|0|.............255 077 1|
|0|.............255 077 1|
|0|.............255 077 1|
|0|.............255 077 1|
|0|.............255 077 1|
|0|.............255 077 1|
|0|.............255 077 1|
|0|.............255 077 1|
|0|.............255 077 1|
|0|.............255 077 1|
|0|.............255 077 1|
|0|.............255 077 1|
|0|.............255 077 1|
|0|.............255 077 1|
|0|.............255 077 1|
|0|.............255 077 1|
|0|.............255 077 1|
|0|.............255 077 1|
|0|.............255 077 1|
|0|.............255 077 1|
|0|.............255 077 1|
|0|.............255 077 1|
|0|.............255 077 1|
|0|.............255 077 1|
|0|.............255 077 1|
|0|.............255 077 1|
|0|.............255 077 1|
|0|.............255 077 1|
|0|.............255 077 1|
|0|.............255 077 1|
|0|.............255 077 1|
|0|.............255 077 1|
|0|.............255 077 1|
|0|.............255 077 1|
|0|.............255 077 1|
|0|.............255 077 1|
|0|.............255 077 1|
|0|.............255 077 1|
|0|.............255 077 1|
|0|.............255 077 1|
|0|.............255 077 1|
|0|.............255 077 1|
|0|.............255 077 1|
|0|.............255 077 1|
|0|.............255 077 1|
|0|.............255 077 1|
|0|.............255 077 1|
|0|.............255 077 1|
|0|.............255 077 1|
|0|.............255 077 1|
|0|.............255 077 1|
|0|.............255 077 1|
|0|.............255 077 1|
|0|.............255 077 1|
|0|.............255 077 1|
|0|.............255 077 1|
|0|.............255 077 1|
|0|.............255 077 1|
|0|.............255 077 1|
|0|.............255 077 1|
|0|.............255 077 1|
|0|.............255 077 1|
|0|.............255 077 1|
|0|.............255 077 1|
|0|.............255 077 1|
|0|.............255 077 1|
|0|.............255 077 1|
|0|.............255 077 1|
|0|.............255 077 1|
|0|.............255 077 1|
|0|.............255 077 1|
|0|.............255 077 1|
|0|.............255 077 1|
|0|.............255 077 1|
|0|.............255 077 1|
|0|.............255 077 1|
|0|.............255 077 1|
|0|.............255 077 1|
|0|.............255 077 1|
|0|.............255 077 1|
|0|.............255 077 1|
|0|.............255 077 1|
|0|.............255 077 1|
|0|.............255 077 1|
|0|.............255 077 1|
|0|.............255 077 1|
|0|.............255 077 1|
|0|.............255 077 1|
|0|.............255 077 1|
|0|.............255 077 1|
|0|.............255 077 1|
|0|.............255 077 1|
|0|.............255 077 1|
|0|.............255 077 1|
|0|.............255 077 1|
|0|.............255 077 1|
|0|.............255 077 1|
|0|.............255 077 1|
|0|.............255 077 1|
|0|.............255 077 1|
|0|.............255 077 1|
|0|.............255 077 1|
|0|.............255 077 1|
|0|.............255 077 1|
|0|.............255 077 1|
|0|.............255 077 1|
|0|.............255 077 1|
|0|.............255 077 1|
|0|.............255 077 1|
|0|.............255 077 1|
|0|.............255 077 1|
|0|.............255 077 1|
|0|.............255 077 1|
|0|.............255 077 1|
|0|.............255 077 1|
|0|.............255 077 1|
|0|.............255 077 1|
|0|.............255 077 1|
|0|.............255 077 1|
|0|.............255 077 1|
|0|.............255 077 1|
|0|.............255 077 1|
|0|.............255 077 1|
|0|.............255 077 1|
|0|.............255 077 1|
|0|.............255 077 1|
|0|.............255 077 1|
|0|.............255 077 1|
|0|.............255 077 1|
|0|.............255 077 1|
|0|.............255 077 1|
|0|.............255 077 1|
|0|.............255 077 1|
|0|.............255 077 1|
|0|.............255 077 1|
|0|.............255 077 1|
|0|.............255 077 1|
|0|.............255 077 1|
|0|.............255 077 1|
|0|.............255 077 1|
|0|.............255 077 1|
|0|.............255 077 1|
|0|.............255 077 1|
|0|.............255 077 1|
|0|.............255 077 1|
|0|.............255 077 1|
|0|.............255 077 1|
|0|.............255 077 1|
|0|.............255 077 1|
|0|.............255 077 1|
|0|.............255 077 1|
|0|.............255 077 1|
|0|.............255 077 1|
|0|.............255 077 1|
|0|.............255 077 1|
|0|.............255 077 1|
|0|.............255 077 1|
|0|.............255 077 1|
|0|.............255 077 1|
|0|.............255 077 1|
|0|.............255 077 1|
|0|.............255 077 1|
|0|.............255 077 1|
|0|.............255 077 1|
|0|.............255 077 1|
|0|.............255 077 1|
|0|.............255 077 1|
|0|.............255 077 1|
|0|.............255 077 1|
|0|.............255 077 1|
|0|.............255 077 1|
|0|.............255 077 1|
|0|.............255 077 1|
|0|.............255 077 1|
|0|.............255 077 1|
|0|.............255 077 1|
|0|.............255 077 1|
|0|.............255 077 1|
|0|.............255 077 1|
|0|.............255 077 1|
|0|.............255 077 1|
|0|.............255 077 1|
|0|.............255 077 1|
|0|.............255 077 1|
|0|.............255 093 1|
|0|.............255 093 1|
|0|.............255 093 1|
|0|.............255 093 1|
|0|.............255 093 1|
|0|.............255 093 1|
|0|.............255 093 1|
|0|.............255 093 1|
|0|.............255 093 1|
|0|.............255 093 1|
|0|.............255 093 1|
|0|.............255 093 1|
|0|.............255 093 1|
|0|.............255 093 1|
|0|.............255 093 1|
|0|.............255 093 1|
|0|.............255 093 1|
|0|.............255 093 1|
|0|.............255 093 1|
|0|.............255 093 1|
|0|.............255 093 1|
|0|.............255 093 1|
|0|.............255 093 1|
|0|.............255 093 1|
|0|.............255 093 1|
|0|.............255 093 1|
|0|.............255 093 1|
|0|.............255 093 1|
|0|.............255 093 1|
|0|.............255 093 1|
|0|.............255 093 1|
|0|.............255 093 1|
|0|.............255 093 1|
|0|.............255 093 1|
|0|.............255 093 1|
|0|.............255 093 1|
|0|.............255 093 1|
|0|.............255 093 1|
|0|.............255 093 1|
|0|.............255 093 1|
|0|.............255 093 1|
|0|.............255 093 1|
|0|.............255 093 1|
|0|.............255 093 1|
|0|.............255 093 1|
|0|.............255 093 1|
|0|.............255 093 1|
|0|.............255 093 1|
|0|.............255 093 1|
|0|.............000 000 0|
|0|.............204 082 1|
|0|.............204 082 1|
|0|.............000 000 0|
|0|.............000 000 0|
|0|.............000 000 0|
|0|.............000 000 0|
|0|.............000 000 0|
|0|.............000 000 0|
|0|.............000 000 0|
|0|.............000 000 0|
|0|.............184 078 1|
|0|.............000 000 0|
|0|.............000 000 0|
|0|.............000 000 0|
|0|.............000 000 0|
|0|.............000 000 0|
|0|.............000 000 0|
|0|.............000 000 0|
|0|.............000 000 0|
|0|.............000 000 0|
|0|.............000 000 0|
|0|.............000 000 0|
|0|.............000 000 0|
|0|.............000 000 0|
|0|.............000 000 0|
|0|.............000 000 0|
|0|.............000 000 0|
|0|.............000 000 0|
|0|.............000 000 0|
|0|.............000 000 0|
|0|.............000 000 0|
|0|.............000 000 0|
|0|.............000 000 0|
|0|.............000 000 0|
|0|.............000 000 0|
|0|.............000 000 0|
|0|.............000 000 0|
|0|.............000 000 0|
|0|.............000 000 0|
|0|.............000 000 0|
|0|.............000 000 0|
|0|.............000 000 0|
|0|.............000 000 0|
|0|.............000 000 0|
|0|.............000 000 0|
|0|.............000 000 0|
|0|.............000 000 0|
|0|.............000 000 0|
|0|.............000 000 0|
|0|.............000 000 0|
|0|.............000 000 0|
|0|.............000 000 0|
|0|.............000 000 0|
|0|.............000 000 0|
|0|.............000 000 0|
|0|.............000 000 0|
|0|.............000 000 0|
|0|.............000 000 0|
|0|.............000 000 0|
|0|.............000 000 0|
|0|.............000 000 0|
|0|.............000 000 0|
|0|.............000 000 0|
|0|.............000 000 0|
|0|.............000 000 0|
|0|.............000 000 0|
|0|.............000 000 0|
|0|.............000 000 0|
|0|.............000 000 0|
|0|.............000 000 0|
|0|.............000 000 0|
|0|.............000 000 0|
|0|.............000 000 0|
|0|.............000 000 0|
|0|.............000 000 0|
|0|.............000 000 0|
|0|.............000 000 0|
|0|.............000 000 0|
|0|.............000 000 0|
|0|.............000 000 0|
|0|.............000 000 0|
|0|.............000 000 0|
|0|.............000 000 0|
|0|.............202 080 1|
|0|.............202 080 1|
|0|.............000 000 0|
|0|.............000 000 0|
|0|.............000 000 0|
|0|.............000 000 0|
|0|.............000 000 0|
|0|.............000 000 0|
|0|.............000 000 0|
|0|.............074 076 1|
|0|.............000 000 0|
|0|.............000 000 0|
|0|.............000 000 0|
|0|.............000 000 0|
|0|.............236 089 1|
|0|.............236 089 1|
|0|.............000 000 0|
|0|.............000 000 0|
|0|.............000 000 0|
|0|.............000 000 0|
|0|.............000 000 0|
|0|.............000 000 0|
|0|.............000 000 0|
|0|.............128 031 1|
|0|.............000 000 0|
|0|.............000 000 0|
|0|.............000 000 0|
|0|.............000 000 0|
|0|.............000 000 0|
|0|.............000 000 0|
|0|.............000 000 0|
|0|.............000 000 0|
|0|.............000 000 0|
|0|.............000 000 0|
|0|.............000 000 0|
|0|.............000 000 0|
|0|.............000 000 0|
|0|.............000 000 0|
|0|.............000 000 0|
|0|.............000 000 0|
|0|.............000 000 0|
|0|.............000 000 0|
|0|.............000 000 0|
|0|.............000 000 0|
|0|.............000 000 0|
|0|.............000 000 0|
|0|.............000 000 0|
|0|.............000 000 0|
|0|.............000 000 0|
|0|.............000 000 0|
|0|.............000 000 0|
|0|.............000 000 0|
|0|.............000 000 0|
|0|.............000 000 0|
|0|.............000 000 0|
|0|.............000 000 0|
|0|.............255 089 1|
|0|.............255 089 1|
|0|.............255 089 1|
|0|.............255 089 1|
|0|.............255 089 1|
|0|.............255 089 1|
|0|.............255 089 1|
|0|.............255 089 1|
|0|.............255 089 1|
|0|.............255 089 1|
|0|.............255 089 1|
|0|.............255 089 1|
|0|.............255 089 1|
|0|.............255 089 1|
|0|.............255 089 1|
|0|.............255 089 1|
|0|.............255 089 1|
|0|.............255 089 1|
|0|.............255 089 1|
|0|.............255 089 1|
|0|.............255 089 1|
|0|.............255 089 1|
|0|.............255 089 1|
|0|.............255 089 1|
|0|.............255 089 1|
|0|.............255 089 1|
|0|.............255 089 1|
|0|.............255 089 1|
|0|.............255 089 1|
|0|.............255 089 1|
|0|.............255 089 1|
|0|.............255 089 1|
|0|.............255 089 1|
|0|.............255 089 1|
|0|.............255 089 1|
|0|.............255 089 1|
|0|.............255 089 1|
|0|.............255 089 1|
|0|.............255 089 1|
|0|.............255 089 1|
|0|.............255 089 1|
|0|.............255 089 1|
|0|.............255 089 1|
|0|.............255 089 1|
|0|.............255 089 1|
|0|.............255 089 1|
|0|.............255 089 1|
|0|.............255 089 1|
|0|.............255 089 1|
|0|.............255 089 1|
|0|.............255 089 1|
|0|.............255 089 1|
|0|.............255 089 1|
|0|.............255 089 1|
|0|.............255 089 1|
|0|.............255 089 1|
|0|.............255 089 1|
|0|.............255 089 1|
|0|.............255 089 1|
|0|.............255 089 1|
|0|.............255 089 1|
|0|.............255 089 1|
|0|.............255 089 1|
|0|.............255 089 1|
|0|.............255 089 1|
|0|.............255 089 1|
|0|.............255 089 1|
|0|.............255 089 1|
|0|.............255 089 1|
|0|.............255 089 1|
|0|.............255 089 1|
|0|.............255 089 1|
|0|.............255 089 1|
|0|.............255 089 1|
|0|.............255 089 1|
|0|.............255 089 1|
|0|.............255 089 1|
|0|.............255 089 1|
|0|.............255 089 1|
|0|.............255 089 1|
|0|.............255 089 1|
|0|.............255 089 1|
|0|.............255 089 1|
|0|.............255 089 1|
|0|.............255 192 1|
|0|.............255 192 1|
|0|.............255 192 1|
|0|.............255 192 1|
|0|.............255 192 1|
|0|.............255 192 1|
|0|.............255 192 1|
|0|.............255 192 1|
|0|.............255 192 1|
|0|.............255 192 1|
|0|.............255 192 1|
|0|.............255 192 1|
|0|.............255 192 1|
|0|.............255 192 1|
|0|.............255 192 1|
|0|.............255 192 1|
|0|.............255 192 1|
|0|.............255 192 1|
|0|.............255 192 1|
|0|.............255 192 1|
|0|.............255 192 1|
|0|.............255 192 1|
|0|.............255 192 1|
|0|.............255 192 1|
|0|.............255 192 1|
|0|.............255 192 1|
|0|.............255 192 1|
|0|.............255 192 1|
|0|.............255 192 1|
|0|.............255 192 1|
|0|.............255 192 1|
|0|.............255 192 1|
|0|.............255 192 1|
|0|.............255 192 1|
|0|.............255 192 1|
|0|.............255 192 1|
|0|.............255 192 1|
|0|.............255 192 1|
|0|.............255 192 1|
|0|.............255 192 1|
|0|.............255 192 1|
|0|.............255 192 1|
|0|.............255 192 1|
|0|.............255 192 1|
|0|.............255 192 1|
|0|.............255 192 1|
|0|.............255 192 1|
|0|.............255 192 1|
|0|.............255 192 1|
|0|.............255 192 1|
|0|.............255 192 1|
|0|.............255 192 1|
|0|.............255 192 1|
|0|.............255 192 1|
|0|.............255 192 1|
|0|.............255 192 1|
|0|.............255 192 1|
|0|.............255 192 1|
|0|.............255 192 1|
|0|.............255 192 1|
|0|.............255 192 1|
|0|.............255 192 1|
|0|.............255 192 1|
|0|.............255 192 1|
|0|.............255 192 1|
|0|.............255 192 1|
|0|.............255 192 1|
|0|.............255 192 1|
|0|.............255 192 1|
|0|.............255 192 1|
|0|.............255 192 1|
|0|.............255 192 1|
|0|.............255 192 1|
|0|.............255 192 1|
|0|.............255 192 1|
|0|.............255 192 1|
|0|.............255 192 1|
|0|.............255 192 1|
|0|.............255 192 1|
|0|.............255 192 1|
|0|.............255 192 1|
|0|.............255 192 1|
|0|.............255 192 1|
|0|.............255 192 1|
|0|.............255 192 1|
|0|.............255 192 1|
|0|.............255 192 1|
|0|.............255 192 1|
|0|.............255 192 1|
|0|.............255 192 1|
|0|.............255 192 1|
|0|.............255 192 1|
|0|.............255 192 1|
|0|.............255 192 1|
|0|.............255 192 1|
|0|.............255 192 1|
|0|.............255 192 1|
|0|.............255 192 1|
|0|.............255 192 1|
|0|.............255 192 1|
|0|.............255 192 1|
|0|.............255 192 1|
|0|.............255 192 1|
|0|.............255 192 1|
|0|.............255 192 1|
|0|.............255 192 1|
|0|.............255 192 1|
|0|.............255 192 1|
|0|.............255 192 1|
|0|.............255 192 1|
|0|.............255 192 1|
|0|.............255 192 1|
|0|.............255 192 1|
|0|.............255 192 1|
|0|.............255 192 1|
|0|.............255 192 1|
|0|.............255 192 1|
|0|.............255 192 1|
|0|.............255 192 1|
|0|.............255 192 1|
|0|.............255 192 1|
|0|.............255 192 1|
|0|.............255 192 1|
|0|.............255 192 1|
|0|.............255 192 1|
|0|.............255 192 1|
|0|.............255 192 1|
|0|.............255 192 1|
|0|.............255 192 1|
|0|.............255 192 1|
|0|.............255 192 1|
|0|.............255 192 1|
|0|.............255 192 1|
|0|.............255 192 1|
|0|.............255 192 1|
|0|.............255 192 1|
|0|.............255 192 1|
|0|.............255 192 1|
|0|.............255 192 1|
|0|.............255 192 1|
|0|.............255 192 1|
|0|.............255 192 1|
|0|.............255 192 1|
|0|.............255 192 1|
|0|.............255 192 1|
|0|.............255 192 1|
|0|.............255 192 1|
|0|.............255 192 1|
|0|.............255 192 1|
|0|.............255 192 1|
|0|.............255 192 1|
|0|.............255 192 1|
|0|.............255 192 1|
|0|.............255 192 1|
|0|.............255 192 1|
|0|.............255 192 1|
|0|.............255 192 1|
|0|.............255 192 1|
|0|.............255 192 1|
|0|.............255 192 1|
|0|.............255 192 1|
|0|.............255 192 1|
|0|.............255 192 1|
|0|.............255 192 1|
|0|.............255 192 1|
|0|.............255 192 1|
|0|.............255 192 1|
|0|.............255 192 1|
|0|.............255 192 1|
|0|.............255 192 1|
|0|.............255 192 1|
|0|.............255 192 1|
|0|.............255 192 1|
|0|.............255 192 1|
|0|.............255 192 1|
|0|.............255 192 1|
|0|.............255 192 1|
|0|.............255 192 1|
|0|.............255 192 1|
|0|.............255 192 1|
|0|.............255 192 1|
|0|.............255 192 1|
|0|.............255 192 1|
|0|.............255 192 1|
|0|.............255 192 1|
|0|.............255 192 1|
|0|.............255 192 1|
|0|.............255 192 1|
|0|.............255 192 1|
|0|.............255 192 1|
|0|.............255 192 1|
|0|.............255 192 1|
|0|.............255 192 1|
|0|.............255 192 1|
|0|.............255 192 1|
|0|.............255 192 1|
|0|.............255 192 1|
|0|.............255 192 1|
|0|.............255 192 1|
|0|.............255 192 1|
|0|.............255 192 1|
|0|.............255 192 1|
|0|.............255 192 1|
|0|.............255 192 1|
|0|.............255 192 1|
|0|.............255 192 1|
|0|.............255 192 1|
|0|.............255 192 1|
|0|.............255 192 1|
|0|.............255 192 1|
|0|.............255 192 1|
|0|.............255 192 1|
|0|.............255 192 1|
|0|.............255 192 1|
|0|.............255 192 1|
|0|.............255 192 1|
|0|.............255 192 1|
|0|.............255 192 1|
|0|.............255 192 1|
|0|.............255 192 1|
|0|.............255 192 1|
|0|.............255 192 1|
|0|.............255 192 1|
|0|.............255 192 1|
|0|.............255 192 1|
|0|.............255 192 1|
|0|.............255 192 1|
|0|.............255 192 1|
|0|.............255 192 1|
|0|.............255 192 1|
|0|.............255 192 1|
|0|.............255 192 1|
|0|.............255 192 1|
|0|.............255 192 1|
|0|.............255 192 1|
|0|.............255 192 1|
|0|.............255 192 1|
|0|.............255 192 1|
|0|.............255 192 1|
|0|.............255 192 1|
|0|.............255 192 1|
|0|.............255 192 1|
|0|.............255 192 1|
|0|.............255 192 1|
|0|.............255 192 1|
|0|.............255 192 1|
|0|.............255 192 1|
|0|.............255 192 1|
|0|.............255 192 1|
|0|.............255 192 1|
|0|.............255 192 1|
|0|.............255 192 1|
|0|.............255 192 1|
|0|.............255 192 1|
|0|.............255 192 1|
|0|.............255 192 1|
|0|.............255 192 1|
|0|.............255 192 1|
|0|.............255 192 1|
|0|.............255 192 1|
|0|.............255 192 1|
|0|.............255 192 1|
|0|.............255 192 1|
|0|.............255 192 1|
|0|.............255 192 1|
|0|.............255 192 1|
|0|.............255 192 1|
|0|.............255 192 1|
|0|.............255 192 1|
|0|.............255 192 1|
|0|.............255 192 1|
|0|.............255 192 1|
|0|.............255 192 1|
|0|.............255 192 1|
|0|.............255 192 1|
|0|.............255 192 1|
|0|.............255 192 1|
|0|.............255 192 1|
|0|.............255 192 1|
|0|.............255 192 1|
|0|.............255 192 1|
|0|.............255 192 1|
|0|.............255 192 1|
|0|.............255 192 1|
|0|.............255 192 1|
|0|.............255 192 1|
|0|.............255 192 1|
|0|.............255 192 1|
|0|.............255 192 1|
|0|.............255 192 1|
|0|.............255 192 1|
|0|.............255 192 1|
|0|.............255 192 1|
|0|.............255 192 1|
|0|.............255 192 1|
|0|.............255 192 1|
|0|.............255 192 1|
|0|.............255 192 1|
|0|.............255 192 1|
|0|.............255 192 1|
|0|.............255 192 1|
|0|.............255 192 1|
|0|.............255 192 1|
|0|.............255 192 1|
|0|.............255 192 1|
|0|.............255 192 1|
|0|.............255 192 1|
|0|.............255 192 1|
|0|.............255 192 1|
|0|.............255 192 1|
|0|.............255 192 1|
|0|.............255 192 1|
|0|.............255 192 1|
|0|.............255 192 1|
|0|.............255 192 1|
|0|.............255 192 1|
|0|.............255 192 1|
|0|.............255 192 1|
|0|.............255 192 1|
|0|.............255 192 1|
|0|.............255 192 1|
|0|.............255 192 1|
|0|.............255 192 1|
|0|.............255 192 1|
|0|.............255 192 1|
|0|.............255 192 1|
|0|.............255 192 1|
|0|.............255 192 1|
|0|.............255 192 1|
|0|.............255 192 1|
|0|.............255 192 1|
|0|.............255 192 1|
|0|.............255 192 1|
|0|.............255 192 1|
|0|.............255 192 1|
|0|.............255 192 1|
|0|.............255 192 1|
|0|.............255 192 1|
|0|.............255 192 1|
|0|.............255 192 1|
|0|.............255 192 1|
|0|.............255 192 1|
|0|.............255 192 1|
|0|.............255 192 1|
|0|.............255 192 1|
|0|.............255 192 1|
|0|.............255 192 1|
|0|.............255 192 1|
|0|.............255 192 1|
|0|.............255 192 1|
|0|.............255 192 1|
|0|.............255 192 1|
|0|.............255 192 1|
|0|.............255 192 1|
|0|.............255 192 1|
|0|.............255 192 1|
|0|.............255 192 1|
|0|.............255 192 1|
|0|.............255 192 1|
|0|.............255 192 1|
|0|.............255 192 1|
|0|.............255 192 1|
|0|.............255 192 1|
|0|.............255 192 1|
|0|.............255 192 1|
|0|.............255 192 1|
|0|.............255 192 1|
|0|.............255 192 1|
|0|.............255 192 1|
|0|.............255 192 1|
|0|.............255 192 1|
|0|.............255 192 1|
|0|.............255 192 1|
|0|.............255 192 1|
|0|.............255 192 1|
|0|.............255 192 1|
|0|.............255 192 1|
|0|.............255 192 1|
|0|.............255 192 1|
|0|.............255 192 1|
|0|.............255 192 1|
|0|.............255 192 1|
|0|.............255 192 1|
|0|.............255 192 1|
|0|.............255 192 1|
|0|.............255 192 1|
|0|.............255 192 1|
|0|.............255 192 1|
|0|.............255 192 1|
|0|.............255 192 1|
|0|.............255 192 1|
|0|.............255 192 1|
|0|.............255 192 1|
|0|.............255 192 1|
|0|.............255 192 1|
|0|.............255 192 1|
|0|.............255 192 1|
|0|.............255 192 1|
|0|.............255 192 1|
|0|.............255 192 1|
|0|.............255 192 1|
|0|.............255 192 1|
|0|.............255 192 1|
|0|.............255 192 1|
|0|.............255 192 1|
|0|.............255 192 1|
|0|.............255 192 1|
|0|.............255 192 1|
|0|.............255 192 1|
|0|.............255 192 1|
|0|.............255 192 1|
|0|.............255 192 1|
|0|.............255 192 1|
|0|.............255 192 1|
|0|.............255 192 1|
|0|.............255 192 1|
|0|.............255 192 1|
|0|.............255 192 1|
|0|.............255 192 1|
|0|.............255 192 1|
|0|.............255 192 1|
|0|.............255 192 1|
|0|.............255 192 1|
|0|.............255 192 1|
|0|.............255 192 1|
|0|.............255 192 1|
|0|.............255 192 1|
|0|.............255 192 1|
|0|.............255 192 1|
|0|.............255 192 1|
|0|.............255 192 1|
|0|.............255 192 1|
|0|.............255 192 1|
|0|.............255 192 1|
|0|.............255 192 1|
|0|.............255 192 1|
|0|.............255 192 1|
|0|.............255 192 1|
|0|.............255 192 1|
|0|.............255 192 1|
|0|.............255 192 1|
|0|.............255 192 1|
|0|.............255 192 1|
|0|.............255 192 1|
|0|.............255 192 1|
|0|.............255 192 1|
|0|.............255 192 1|
|0|.............255 192 1|
|0|.............255 192 1|
|0|.............255 192 1|
|0|.............255 192 1|
|0|.............255 192 1|
|0|.............255 192 1|
|0|.............255 192 1|
|0|.............255 192 1|
|0|.............255 192 1|
|0|.............255 192 1|
|0|.............255 192 1|
|0|.............255 192 1|
|0|.............255 192 1|
|0|.............255 192 1|
|0|.............255 192 1|
|0|.............255 192 1|
|0|.............255 192 1|
|0|.............255 192 1|
|0|.............255 192 1|
|0|.............255 192 1|
|0|.............255 192 1|
|0|.............255 192 1|
|0|.............255 192 1|
|0|.............255 192 1|
|0|.............255 192 1|
|0|.............255 192 1|
|0|.............255 192 1|
|0|.............255 192 1|
|0|.............255 192 1|
|0|.............255 192 1|
|0|.............255 192 1|
|0|.............255 192 1|
|0|.............255 192 1|
|0|.............255 192 1|
|0|.............255 192 1|
|0|.............255 192 1|
|0|.............255 192 1|
|0|.............255 192 1|
|0|.............255 192 1|
|0|.............255 192 1|
|0|.............255 192 1|
|0|.............255 192 1|
|0|.............255 192 1|
|0|.............255 192 1|
|0|.............255 192 1|
|0|.............255 192 1|
|0|.............255 192 1|
|0|.............255 192 1|
|0|.............255 192 1|
|0|.............255 192 1|
|0|.............255 192 1|
|0|.............255 192 1|
|0|.............255 192 1|
|0|.............255 192 1|
|0|.............255 192 1|
|0|.............255 192 1|
|0|.............255 192 1|
|0|.............255 192 1|
|0|.............255 192 1|
|0|.............255 192 1|
|0|.............255 192 1|
|0|.............255 192 1|
|0|.............255 192 1|
|0|.............255 192 1|
|0|.............255 192 1|
|0|.............255 192 1|
|0|.............255 192 1|
|0|.............255 192 1|
|0|.............255 192 1|
|0|.............255 192 1|
|0|.............255 192 1|
|0|.............255 192 1|
|0|.............255 192 1|
|0|.............255 192 1|
|0|.............255 192 1|
|0|.............255 192 1|
|0|.............255 192 1|
|0|.............255 192 1|
|0|.............255 192 1|
|0|.............255 192 1|
|0|.............255 192 1|
|0|.............255 192 1|
|0|.............255 192 1|
|0|.............255 192 1|
|0|.............255 192 1|
|0|.............255 192 1|
|0|.............255 192 1|
|0|.............255 192 1|
|0|.............255 192 1| * Collect level 7-8 starite *
|0|.............000 000 0|
