|0|.............110 132 1|
|0|.............000 000 0|
|0|.............000 000 0|
|0|.............202 062 1|
|0|.............000 000 0|
|0|.............000 000 0|
|0|.............202 062 1|
|0|.............000 000 0|
|0|.............000 000 0|
|0|.............196 098 1|
|0|.............000 000 0|
|0|.............000 000 0|
|0|.............056 062 1|
|0|.............000 000 0|
|0|.............000 000 0|
|0|.............048 098 1|
|0|.............000 000 0|
|0|.............000 000 0|
|0|.............096 062 1|
|0|.............000 000 0|
|0|.............000 000 0|
|0|.............076 062 1|
|0|.............000 000 0|
|0|.............000 000 0|
|0|.............242 176 1|
|0|.............000 000 0| * COOKWARE has been typed *
|0|.............000 000 0|
|0|.............000 000 0|
|0|.............000 000 0|
|0|.............000 000 0|
|0|.............000 000 0|
|0|.............000 000 0|
|0|.............000 000 0|
|0|.............000 000 0|
|0|.............000 000 0|
|0|.............000 000 0|
|0|.............000 000 0|
|0|.............000 000 0|
|0|.............000 000 0|
|0|.............000 000 0|
|0|.............000 000 0|
|0|.............000 000 0|
|0|.............000 000 0|
|0|.............000 000 0|
|0|.............000 000 0|
|0|.............000 000 0|
|0|.............000 000 0|
|0|.............000 000 0|
|0|.............000 000 0|
|0|.............000 000 0|
|0|.............000 000 0|
|0|.............000 000 0|
|0|.............000 000 0|
|0|.............000 000 0|
|0|.............000 000 0|
|0|.............000 000 0|
|0|.............000 000 0|
|0|.............000 000 0|
|0|.............000 000 0|
|0|.............000 000 0|
|0|.............000 000 0|
|0|.............000 000 0|
|0|.............000 000 0|
|0|.............000 000 0|
|0|.............000 000 0|
|0|.............000 000 0|
|0|.............000 000 0|
|0|.............000 000 0|
|0|.............000 000 0|
|0|.............000 000 0|
|0|.............130 080 1|
|0|.............130 080 1|
|0|.............174 089 1|
|0|.............174 089 1|
|0|.............174 089 1|
|0|.............174 089 1|
|0|.............174 089 1|
|0|.............174 089 1|
|0|.............174 089 1|
|0|.............174 089 1|
|0|.............174 089 1|
|0|.............174 089 1|
|0|.............174 089 1|
|0|.............174 089 1|
|0|.............174 089 1|
|0|.............174 089 1|
|0|.............174 089 1|
|0|.............000 000 0|
|0|.............000 000 0|
|0|.............000 000 0|
|0|.............000 000 0|
|0|.............000 000 0|
|0|.............000 000 0|
|0|.............000 000 0|
|0|.............000 000 0|
|0|.............000 000 0|
|0|.............000 000 0|
|0|.............000 000 0|
|0|.............000 000 0|
|0|.............000 000 0|
|0|.............000 000 0|
|0|.............000 000 0|
|0|.............000 000 0|
|0|.............000 000 0|
|0|.............000 000 0|
|0|.............000 000 0|
|0|.............000 000 0|
|0|.............000 000 0|
|0|.............000 000 0|
|0|.............000 000 0|
|0|.............000 000 0|
|0|.............000 000 0|
|0|.............000 000 0|
|0|.............000 000 0|
|0|.............000 000 0|
|0|.............000 000 0|
|0|.............000 000 0|
|0|.............255 103 1|
|0|.............255 103 1|
|0|.............255 103 1|
|0|.............255 103 1|
|0|.............255 103 1|
|0|.............255 103 1|
|0|.............255 103 1|
|0|.............255 103 1|
|0|.............255 103 1|
|0|.............255 103 1|
|0|.............255 103 1|
|0|.............255 103 1|
|0|.............255 103 1|
|0|.............255 103 1|
|0|.............255 103 1|
|0|.............255 103 1|
|0|.............255 103 1|
|0|.............255 103 1|
|0|.............255 103 1|
|0|.............255 103 1|
|0|.............255 103 1|
|0|.............255 103 1|
|0|.............255 103 1|
|0|.............255 103 1|
|0|.............255 103 1|
|0|.............255 103 1|
|0|.............255 103 1|
|0|.............255 103 1|
|0|.............255 103 1|
|0|.............255 103 1|
|0|.............255 103 1|
|0|.............255 103 1|
|0|.............255 103 1|
|0|.............255 103 1|
|0|.............255 103 1|
|0|.............255 103 1|
|0|.............255 103 1|
|0|.............255 103 1|
|0|.............255 103 1|
|0|.............255 103 1|
|0|.............255 103 1|
|0|.............255 103 1|
|0|.............255 103 1|
|0|.............255 103 1|
|0|.............255 103 1|
|0|.............255 103 1|
|0|.............255 103 1|
|0|.............255 103 1|
|0|.............255 103 1|
|0|.............255 103 1|
|0|.............255 103 1|
|0|.............255 103 1|
|0|.............255 103 1|
|0|.............255 103 1|
|0|.............255 103 1|
|0|.............255 103 1|
|0|.............255 103 1|
|0|.............255 103 1|
|0|.............255 103 1|
|0|.............255 103 1|
|0|.............255 103 1|
|0|.............255 103 1|
|0|.............255 103 1|
|0|.............255 103 1|
|0|.............255 103 1|
|0|.............255 103 1|
|0|.............255 103 1|
|0|.............255 103 1|
|0|.............255 103 1|
|0|.............255 103 1|
|0|.............255 103 1|
|0|.............255 103 1|
|0|.............255 103 1|
|0|.............255 103 1|
|0|.............255 103 1|
|0|.............255 103 1|
|0|.............255 103 1|
|0|.............255 103 1|
|0|.............255 103 1|
|0|.............255 103 1|
|0|.............255 103 1|
|0|.............255 103 1|
|0|.............255 103 1|
|0|.............255 103 1|
|0|.............255 103 1|
|0|.............255 103 1|
|0|.............255 103 1|
|0|.............255 103 1|
|0|.............255 103 1|
|0|.............255 103 1|
|0|.............255 103 1|
|0|.............255 103 1|
|0|.............255 103 1|
|0|.............255 103 1|
|0|.............255 103 1|
|0|.............255 103 1|
|0|.............255 103 1|
|0|.............255 103 1|
|0|.............255 103 1|
|0|.............255 103 1|
|0|.............255 103 1|
|0|.............255 103 1|
|0|.............255 103 1|
|0|.............255 103 1|
|0|.............255 103 1|
|0|.............255 103 1|
|0|.............255 103 1|
|0|.............255 103 1|
|0|.............255 103 1|
|0|.............255 103 1|
|0|.............255 103 1|
|0|.............255 103 1|
|0|.............255 103 1|
|0|.............255 103 1|
|0|.............255 103 1|
|0|.............255 103 1|
|0|.............255 103 1|
|0|.............255 103 1|
|0|.............255 103 1|
|0|.............255 103 1|
|0|.............255 103 1|
|0|.............255 103 1|
|0|.............255 103 1|
|0|.............255 103 1|
|0|.............255 103 1|
|0|.............255 103 1|
|0|.............255 103 1|
|0|.............255 103 1|
|0|.............255 103 1|
|0|.............255 103 1|
|0|.............255 103 1|
|0|.............255 103 1|
|0|.............255 103 1|
|0|.............255 103 1|
|0|.............255 103 1|
|0|.............255 103 1|
|0|.............255 103 1|
|0|.............255 103 1|
|0|.............255 103 1|
|0|.............255 103 1|
|0|.............255 103 1|
|0|.............255 103 1|
|0|.............255 103 1|
|0|.............255 103 1|
|0|.............255 103 1|
|0|.............255 103 1|
|0|.............255 103 1|
|0|.............255 103 1|
|0|.............255 103 1|
|0|.............255 103 1|
|0|.............255 103 1|
|0|.............255 103 1|
|0|.............255 103 1|
|0|.............255 103 1|
|0|.............255 103 1|
|0|.............255 103 1|
|0|.............255 103 1|
|0|.............255 103 1|
|0|.............255 103 1|
|0|.............255 103 1|
|0|.............255 103 1|
|0|.............255 103 1|
|0|.............255 103 1|
|0|.............255 103 1|
|0|.............255 103 1|
|0|.............255 103 1|
|0|.............255 103 1|
|0|.............255 103 1|
|0|.............255 103 1|
|0|.............255 103 1|
|0|.............255 103 1|
|0|.............255 103 1|
|0|.............255 103 1|
|0|.............000 103 1|
|0|.............000 103 1|
|0|.............000 000 0|
|0|.............000 000 0|
|0|.............000 000 0|
|0|.............000 000 0|
|0|.............000 000 0|
|0|.............000 000 0|
|0|.............000 000 0|
|0|.............000 000 0|
|0|.............238 021 1|
|0|.............238 021 1| * Open notebook *
|0|.............000 000 0|
|0|.............000 000 0|
|0|.............000 000 0|
|0|.............000 000 0|
|0|.............000 000 0|
|0|.............000 000 0|
|0|.............000 000 0|
|0|.............000 000 0|
|0|.............000 000 0|
|0|.............000 000 0|
|0|.............000 000 0|
|0|.............000 000 0|
|0|.............000 000 0|
|0|.............000 000 0|
|0|.............000 000 0|
|0|.............000 000 0|
|0|.............000 000 0|
|0|.............000 000 0|
|0|.............000 000 0|
|0|.............000 000 0|
|0|.............000 000 0|
|0|.............000 000 0|
|0|.............000 000 0|
|0|.............000 000 0|
|0|.............000 000 0|
|0|.............000 000 0|
|0|.............000 000 0|
|0|.............000 000 0|
|0|.............000 000 0|
|0|.............000 000 0|
|0|.............000 000 0|
|0|.............000 000 0|
|0|.............000 000 0|
|0|.............000 000 0|
|0|.............000 000 0|
|0|.............000 000 0|
