|0|.............110 132 1|
|0|.............000 000 0|
|0|.............000 000 0|
|0|.............202 062 1|
|0|.............000 000 0|
|0|.............000 000 0|
|0|.............216 098 1|
|0|.............000 000 0|
|0|.............000 000 0|
|0|.............048 098 1|
|0|.............000 000 0|
|0|.............000 000 0|
|0|.............174 132 1|
|0|.............000 000 0|
|0|.............000 000 0|
|0|.............090 098 1|
|0|.............000 000 0|
|0|.............000 000 0|
|0|.............076 062 1|
|0|.............000 000 0|
|0|.............000 000 0|
|0|.............096 062 1|
|0|.............000 000 0|
|0|.............000 000 0|
|0|.............242 176 1|
|0|.............000 000 0| * COLANDER has been typed *
|0|.............000 000 0|
|0|.............000 000 0|
|0|.............000 000 0|
|0|.............000 000 0|
|0|.............000 000 0|
|0|.............000 000 0|
|0|.............000 000 0|
|0|.............000 000 0|
|0|.............000 000 0|
|0|.............000 000 0|
|0|.............000 000 0|
|0|.............000 000 0|
|0|.............000 000 0|
|0|.............000 000 0|
|0|.............000 000 0|
|0|.............000 000 0|
|0|.............000 000 0|
|0|.............000 000 0|
|0|.............000 000 0|
|0|.............000 000 0|
|0|.............000 000 0|
|0|.............000 000 0|
|0|.............000 000 0|
|0|.............000 000 0|
|0|.............000 000 0|
|0|.............000 000 0|
|0|.............000 000 0|
|0|.............000 000 0|
|0|.............000 000 0|
|0|.............000 000 0|
|0|.............000 000 0|
|0|.............000 000 0|
|0|.............000 000 0|
|0|.............000 000 0|
|0|.............000 000 0|
|0|.............000 000 0|
|0|.............000 000 0|
|0|.............000 000 0|
|0|.............000 000 0|
|0|.............000 000 0|
|0|.............000 000 0|
|0|.............000 000 0|
|0|.............126 077 1|
|0|.............126 077 1|
|0|.............180 090 1|
|0|.............180 090 1|
|0|.............180 090 1|
|0|.............180 090 1|
|0|.............180 090 1|
|0|.............180 090 1|
|0|.............180 090 1|
|0|.............180 090 1|
|0|.............180 090 1|
|0|.............180 090 1|
|0|.............180 090 1|
|0|.............180 090 1|
|0|.............180 090 1|
|0|.............180 090 1|
|0|.............180 090 1|
|0|.............000 000 0|
|0|.............000 000 0|
|0|.............000 000 0|
|0|.............000 000 0|
|0|.............000 000 0|
|0|.............000 000 0|
|0|.............000 000 0|
|0|.............000 000 0|
|0|.............000 000 0|
|0|.............000 000 0|
|0|.............000 000 0|
|0|.............000 000 0|
|0|.............000 000 0|
|0|.............000 000 0|
|0|.............000 000 0|
|0|.............000 000 0|
|0|.............000 000 0|
|0|.............000 000 0|
|0|.............000 000 0|
|0|.............000 000 0|
|0|.............000 000 0|
|0|.............000 000 0|
|0|.............000 000 0|
|0|.............000 000 0|
|0|.............000 000 0|
|0|.............000 000 0|
|0|.............000 000 0|
|0|.............000 000 0|
|0|.............000 000 0|
|0|.............000 000 0|
|0|.............255 103 1|
|0|.............255 103 1|
|0|.............255 103 1|
|0|.............255 103 1|
|0|.............255 103 1|
|0|.............255 103 1|
|0|.............255 103 1|
|0|.............255 103 1|
|0|.............255 103 1|
|0|.............255 103 1|
|0|.............255 103 1|
|0|.............255 103 1|
|0|.............255 103 1|
|0|.............255 103 1|
|0|.............255 103 1|
|0|.............255 103 1|
|0|.............255 103 1|
|0|.............255 103 1|
|0|.............255 103 1|
|0|.............255 103 1|
|0|.............255 103 1|
|0|.............255 103 1|
|0|.............255 103 1|
|0|.............255 103 1|
|0|.............255 103 1|
|0|.............255 103 1|
|0|.............255 103 1|
|0|.............255 103 1|
|0|.............255 103 1|
|0|.............255 103 1|
|0|.............255 103 1|
|0|.............255 103 1|
|0|.............255 103 1|
|0|.............255 103 1|
|0|.............255 103 1|
|0|.............255 103 1|
|0|.............255 103 1|
|0|.............255 103 1|
|0|.............255 103 1|
|0|.............255 103 1|
|0|.............255 103 1|
|0|.............255 103 1|
|0|.............255 103 1|
|0|.............255 103 1|
|0|.............255 103 1|
|0|.............255 103 1|
|0|.............255 103 1|
|0|.............255 103 1|
|0|.............255 103 1|
|0|.............255 103 1|
|0|.............255 103 1|
|0|.............255 103 1|
|0|.............255 103 1|
|0|.............255 103 1|
|0|.............255 103 1|
|0|.............255 103 1|
|0|.............255 103 1|
|0|.............255 103 1|
|0|.............255 103 1|
|0|.............255 103 1|
|0|.............255 103 1|
|0|.............255 103 1|
|0|.............255 103 1|
|0|.............255 103 1|
|0|.............255 103 1|
|0|.............255 103 1|
|0|.............255 103 1|
|0|.............255 103 1|
|0|.............255 103 1|
|0|.............255 103 1|
|0|.............255 103 1|
|0|.............255 103 1|
|0|.............255 103 1|
|0|.............255 103 1|
|0|.............255 103 1|
|0|.............255 103 1|
|0|.............255 103 1|
|0|.............255 103 1|
|0|.............255 103 1|
|0|.............255 103 1|
|0|.............255 103 1|
|0|.............255 103 1|
|0|.............255 103 1|
|0|.............255 103 1|
|0|.............255 103 1|
|0|.............255 103 1|
|0|.............255 103 1|
|0|.............255 103 1|
|0|.............255 103 1|
|0|.............255 103 1|
|0|.............255 103 1|
|0|.............255 103 1|
|0|.............255 103 1|
|0|.............255 103 1|
|0|.............255 103 1|
|0|.............255 103 1|
|0|.............255 103 1|
|0|.............255 103 1|
|0|.............255 103 1|
|0|.............255 103 1|
|0|.............255 103 1|
|0|.............255 103 1|
|0|.............255 103 1|
|0|.............255 103 1|
|0|.............255 103 1|
|0|.............255 103 1|
|0|.............255 103 1|
|0|.............255 103 1|
|0|.............255 103 1|
|0|.............255 103 1|
|0|.............255 103 1|
|0|.............255 103 1|
|0|.............255 103 1|
|0|.............255 103 1|
|0|.............255 103 1|
|0|.............255 103 1|
|0|.............255 103 1|
|0|.............255 103 1|
|0|.............255 103 1|
|0|.............255 103 1|
|0|.............255 103 1|
|0|.............255 103 1|
|0|.............255 103 1|
|0|.............255 103 1|
|0|.............255 103 1|
|0|.............255 103 1|
|0|.............255 103 1|
|0|.............255 103 1|
|0|.............255 103 1|
|0|.............255 103 1|
|0|.............255 103 1|
|0|.............255 103 1|
|0|.............255 103 1|
|0|.............255 103 1|
|0|.............255 103 1|
|0|.............255 103 1|
|0|.............255 103 1|
|0|.............255 103 1|
|0|.............255 103 1|
|0|.............255 103 1|
|0|.............255 103 1|
|0|.............255 103 1|
|0|.............255 103 1|
|0|.............255 103 1|
|0|.............255 103 1|
|0|.............255 103 1|
|0|.............255 103 1|
|0|.............255 103 1|
|0|.............255 103 1|
|0|.............255 103 1|
|0|.............255 103 1|
|0|.............255 103 1|
|0|.............255 103 1|
|0|.............255 103 1|
|0|.............255 103 1|
|0|.............255 103 1|
|0|.............255 103 1|
|0|.............255 103 1|
|0|.............255 103 1|
|0|.............255 103 1|
|0|.............255 103 1|
|0|.............255 103 1|
|0|.............255 103 1|
|0|.............255 103 1|
|0|.............255 103 1|
|0|.............255 103 1|
|0|.............255 103 1|
|0|.............255 103 1|
|0|.............255 103 1|
|0|.............255 103 1|
|0|.............255 103 1|
|0|.............255 103 1|
|0|.............255 103 1|
|0|.............255 103 1|
|0|.............000 103 1|
|0|.............000 103 1|
|0|.............000 000 0|
|0|.............000 000 0|
|0|.............000 000 0|
|0|.............000 000 0|
|0|.............000 000 0|
|0|.............000 000 0|
|0|.............000 000 0|
|0|.............238 025 1|
|0|.............238 025 1| * Open notebook *
|0|.............000 000 0|
|0|.............000 000 0|
|0|.............000 000 0|
|0|.............000 000 0|
|0|.............000 000 0|
|0|.............000 000 0|
|0|.............000 000 0|
|0|.............000 000 0|
|0|.............000 000 0|
|0|.............000 000 0|
|0|.............000 000 0|
|0|.............000 000 0|
|0|.............000 000 0|
|0|.............000 000 0|
|0|.............000 000 0|
|0|.............000 000 0|
|0|.............000 000 0|
|0|.............000 000 0|
|0|.............000 000 0|
|0|.............000 000 0|
|0|.............000 000 0|
|0|.............000 000 0|
|0|.............000 000 0|
|0|.............000 000 0|
|0|.............000 000 0|
|0|.............000 000 0|
|0|.............000 000 0|
|0|.............000 000 0|
|0|.............000 000 0|
|0|.............000 000 0|
|0|.............000 000 0|
|0|.............000 000 0|
|0|.............000 000 0|
|0|.............000 000 0|
|0|.............000 000 0|
|0|.............000 000 0|
