|0|.............194 132 1|
|0|.............000 000 0|
|0|.............000 000 0|
|0|.............076 062 1|
|0|.............000 000 0|
|0|.............000 000 0|
|0|.............118 062 1|
|0|.............000 000 0|
|0|.............000 000 0|
|0|.............048 098 1|
|0|.............000 000 0|
|0|.............000 000 0|
|0|.............216 098 1|
|0|.............000 000 0|
|0|.............000 000 0|
|0|.............160 176 1|
|0|.............000 000 0|
|0|.............000 000 0|
|0|.............090 098 1|
|0|.............000 000 0|
|0|.............000 000 0|
|0|.............076 062 1|
|0|.............000 000 0|
|0|.............000 000 0|
|0|.............118 062 1|
|0|.............000 000 0|
|0|.............000 000 0|
|0|.............076 062 1|
|0|.............000 000 0|
|0|.............000 000 0|
|0|.............110 132 1|
|0|.............000 000 0|
|0|.............000 000 0|
|0|.............118 062 1|
|0|.............000 000 0|
|0|.............000 000 0|
|0|.............202 062 1|
|0|.............000 000 0|
|0|.............000 000 0|
|0|.............096 062 1|
|0|.............000 000 0|
|0|.............000 000 0|
|0|.............242 176 1|
|0|.............000 000 0| * METAL DETECTOR has been typed *
|0|.............000 000 0|
|0|.............000 000 0|
|0|.............000 000 0|
|0|.............000 000 0|
|0|.............000 000 0|
|0|.............000 000 0|
|0|.............000 000 0|
|0|.............000 000 0|
|0|.............000 000 0|
|0|.............000 000 0|
|0|.............000 000 0|
|0|.............000 000 0|
|0|.............000 000 0|
|0|.............000 000 0|
|0|.............000 000 0|
|0|.............000 000 0|
|0|.............000 000 0|
|0|.............000 000 0|
|0|.............000 000 0|
|0|.............000 000 0|
|0|.............000 000 0|
|0|.............000 000 0|
|0|.............000 000 0|
|0|.............000 000 0|
|0|.............000 000 0|
|0|.............000 000 0|
|0|.............000 000 0|
|0|.............000 000 0|
|0|.............000 000 0|
|0|.............000 000 0|
|0|.............000 000 0|
|0|.............000 000 0|
|0|.............000 000 0|
|0|.............000 000 0|
|0|.............000 000 0|
|0|.............000 000 0|
|0|.............000 000 0|
|0|.............000 000 0|
|0|.............000 000 0|
|0|.............000 000 0|
|0|.............126 082 1|
|0|.............126 082 1|
|0|.............230 089 1|
|0|.............230 089 1|
|0|.............230 089 1|
|0|.............230 089 1|
|0|.............230 089 1|
|0|.............230 089 1|
|0|.............000 000 0|
|0|.............000 000 0|
|0|.............000 000 0|
|0|.............000 000 0|
|0|.............000 000 0|
|0|.............000 000 0|
|0|.............000 000 0|
|0|.............000 000 0|
|0|.............000 000 0|
|0|.............000 000 0|
|0|.............000 000 0|
|0|.............000 000 0|
|0|.............000 000 0|
|0|.............000 000 0|
|0|.............000 000 0|
|0|.............000 000 0|
|0|.............000 000 0|
|0|.............000 000 0|
|0|.............000 000 0|
|0|.............000 000 0|
|0|.............000 000 0|
|0|.............000 000 0|
|0|.............000 000 0|
|0|.............000 000 0|
|0|.............000 000 0|
|0|.............000 000 0|
|0|.............000 000 0|
|0|.............000 000 0|
|0|.............000 000 0|
|0|.............000 000 0|
|0|.............000 000 0|
|0|.............000 000 0|
|0|.............000 000 0|
|0|.............000 000 0|
|0|.............000 000 0|
|0|.............000 000 0|
|0|.............000 000 0|
|0|.............000 000 0|
|0|.............000 000 0|
|0|.............000 000 0|
|0|.............000 000 0|
|0|.............000 000 0|
|0|.............000 000 0|
|0|.............000 000 0|
|0|.............000 000 0|
|0|.............000 000 0|
|0|.............000 000 0|
|0|.............000 000 0|
|0|.............000 000 0|
|0|.............000 000 0|
|0|.............000 000 0|
|0|.............000 000 0|
|0|.............000 000 0|
|0|.............000 000 0|
|0|.............000 000 0|
|0|.............000 000 0|
|0|.............000 000 0|
|0|.............000 000 0|
|0|.............000 000 0|
|0|.............000 000 0|
|0|.............000 000 0|
|0|.............000 000 0|
|0|.............000 000 0|
|0|.............000 000 0|
|0|.............000 000 0|
|0|.............000 000 0|
|0|.............000 000 0|
|0|.............000 000 0|
|0|.............000 000 0|
|0|.............000 000 0|
|0|.............000 000 0|
|0|.............000 000 0|
|0|.............000 000 0|
|0|.............000 000 0|
|0|.............000 000 0|
|0|.............000 000 0|
|0|.............000 000 0|
|0|.............000 000 0|
|0|.............000 000 0|
|0|.............000 000 0|
|0|.............000 000 0|
|0|.............000 000 0|
|0|.............000 000 0|
|0|.............000 000 0|
|0|.............000 000 0|
|0|.............000 000 0|
|0|.............000 000 0|
|0|.............255 090 1|
|0|.............255 090 1|
|0|.............255 090 1|
|0|.............255 090 1|
|0|.............255 090 1|
|0|.............255 090 1|
|0|.............255 090 1|
|0|.............255 090 1|
|0|.............255 090 1|
|0|.............255 090 1|
|0|.............255 090 1|
|0|.............255 090 1|
|0|.............255 090 1|
|0|.............255 090 1|
|0|.............255 090 1|
|0|.............255 090 1|
|0|.............255 090 1|
|0|.............255 090 1|
|0|.............255 090 1|
|0|.............255 090 1|
|0|.............255 090 1|
|0|.............255 090 1|
|0|.............255 090 1|
|0|.............255 090 1|
|0|.............255 090 1|
|0|.............255 090 1|
|0|.............255 090 1|
|0|.............255 090 1|
|0|.............255 090 1|
|0|.............255 090 1|
|0|.............255 090 1|
|0|.............255 090 1|
|0|.............255 090 1|
|0|.............255 090 1|
|0|.............255 090 1|
|0|.............255 090 1|
|0|.............255 090 1|
|0|.............255 090 1|
|0|.............255 090 1|
|0|.............255 090 1|
|0|.............255 090 1|
|0|.............255 090 1|
|0|.............255 090 1|
|0|.............255 090 1|
|0|.............255 090 1|
|0|.............255 090 1|
|0|.............255 090 1|
|0|.............255 090 1|
|0|.............255 090 1|
|0|.............255 090 1|
|0|.............255 090 1|
|0|.............255 090 1|
|0|.............255 090 1|
|0|.............255 090 1|
|0|.............255 090 1|
|0|.............255 090 1|
|0|.............255 090 1|
|0|.............255 090 1|
|0|.............255 090 1|
|0|.............255 090 1|
|0|.............255 090 1|
|0|.............255 090 1|
|0|.............255 090 1|
|0|.............255 090 1|
|0|.............255 090 1|
|0|.............255 090 1|
|0|.............255 090 1|
|0|.............255 090 1|
|0|.............255 090 1|
|0|.............255 090 1|
|0|.............255 090 1|
|0|.............255 090 1|
|0|.............255 090 1|
|0|.............255 090 1|
|0|.............255 090 1|
|0|.............255 090 1|
|0|.............255 090 1|
|0|.............255 090 1|
|0|.............255 090 1|
|0|.............255 090 1|
|0|.............255 090 1|
|0|.............255 090 1|
|0|.............255 090 1|
|0|.............255 090 1|
|0|.............255 090 1|
|0|.............255 090 1|
|0|.............255 090 1|
|0|.............255 090 1|
|0|.............255 090 1|
|0|.............255 090 1|
|0|.............255 090 1|
|0|.............255 090 1|
|0|.............255 090 1|
|0|.............255 090 1|
|0|.............255 090 1|
|0|.............255 090 1|
|0|.............255 090 1|
|0|.............255 090 1|
|0|.............255 090 1|
|0|.............255 090 1|
|0|.............255 090 1|
|0|.............255 090 1|
|0|.............255 090 1|
|0|.............255 090 1|
|0|.............255 090 1|
|0|.............255 090 1|
|0|.............255 090 1|
|0|.............255 090 1|
|0|.............255 090 1|
|0|.............255 090 1|
|0|.............255 090 1|
|0|.............255 090 1|
|0|.............255 090 1|
|0|.............255 090 1|
|0|.............255 090 1|
|0|.............255 090 1|
|0|.............255 090 1|
|0|.............255 090 1|
|0|.............255 090 1|
|0|.............255 090 1|
|0|.............255 090 1|
|0|.............255 090 1|
|0|.............255 090 1|
|0|.............255 090 1|
|0|.............255 090 1|
|0|.............255 090 1|
|0|.............255 090 1|
|0|.............255 090 1|
|0|.............255 090 1|
|0|.............255 090 1|
|0|.............255 090 1|
|0|.............255 090 1|
|0|.............255 090 1|
|0|.............255 090 1|
|0|.............255 090 1|
|0|.............255 090 1|
|0|.............255 090 1|
|0|.............255 090 1|
|0|.............255 090 1|
|0|.............255 090 1|
|0|.............255 090 1|
|0|.............255 090 1|
|0|.............255 090 1|
|0|.............255 090 1|
|0|.............255 090 1|
|0|.............255 090 1|
|0|.............255 090 1|
|0|.............255 090 1|
|0|.............255 090 1|
|0|.............255 090 1|
|0|.............255 090 1|
|0|.............255 090 1|
|0|.............255 090 1|
|0|.............255 090 1|
|0|.............255 090 1|
|0|.............255 090 1|
|0|.............255 090 1|
|0|.............255 090 1|
|0|.............255 090 1|
|0|.............255 090 1|
|0|.............255 090 1|
|0|.............255 090 1|
|0|.............255 090 1|
|0|.............255 090 1|
|0|.............255 090 1|
|0|.............255 090 1|
|0|.............255 090 1|
|0|.............255 090 1|
|0|.............255 090 1|
|0|.............255 090 1|
|0|.............255 090 1|
|0|.............255 090 1|
|0|.............255 090 1|
|0|.............000 090 1|
|0|.............000 090 1|
|0|.............000 000 0|
|0|.............000 000 0|
|0|.............000 000 0|
|0|.............000 000 0|
|0|.............000 000 0|
|0|.............000 000 0|
|0|.............000 000 0|
|0|.............000 000 0|
|0|.............236 020 1|
|0|.............236 020 1| * Open notebook *
|0|.............000 000 0|
|0|.............000 000 0|
|0|.............000 000 0|
|0|.............000 000 0|
|0|.............000 000 0|
|0|.............000 000 0|
|0|.............000 000 0|
|0|.............000 000 0|
|0|.............000 000 0|
|0|.............000 000 0|
|0|.............000 000 0|
|0|.............000 000 0|
|0|.............000 000 0|
|0|.............000 000 0|
|0|.............000 000 0|
|0|.............000 000 0|
|0|.............000 000 0|
|0|.............000 000 0|
|0|.............000 000 0|
|0|.............000 000 0|
|0|.............000 000 0|
|0|.............000 000 0|
|0|.............000 000 0|
|0|.............000 000 0|
|0|.............000 000 0|
|0|.............000 000 0|
|0|.............000 000 0|
|0|.............000 000 0|
|0|.............000 000 0|
|0|.............000 000 0|
|0|.............000 000 0|
|0|.............000 000 0|
|0|.............000 000 0|
|0|.............000 000 0|
|0|.............000 000 0|
|0|.............000 000 0|
