|0|.............152 132 1|
|0|.............000 000 0|
|0|.............000 000 0|
|0|.............048 098 1|
|0|.............000 000 0|
|0|.............000 000 0|
|0|.............096 062 1|
|0|.............000 000 0|
|0|.............000 000 0|
|0|.............096 062 1|
|0|.............000 000 0|
|0|.............000 000 0|
|0|.............076 062 1|
|0|.............000 000 0|
|0|.............000 000 0|
|0|.............216 098 1|
|0|.............000 000 0|
|0|.............000 000 0|
|0|.............160 176 1|
|0|.............000 000 0|
|0|.............000 000 0|
|0|.............216 098 1|
|0|.............000 000 0|
|0|.............000 000 0|
|0|.............048 098 1|
|0|.............000 000 0|
|0|.............000 000 0|
|0|.............160 062 1|
|0|.............000 000 0|
|0|.............000 000 0|
|0|.............174 132 1|
|0|.............000 000 0|
|0|.............000 000 0|
|0|.............110 132 1|
|0|.............000 000 0|
|0|.............000 000 0|
|0|.............154 098 1|
|0|.............000 000 0|
|0|.............000 000 0|
|0|.............076 062 1|
|0|.............000 000 0|
|0|.............000 000 0|
|0|.............096 062 1|
|0|.............000 000 0|
|0|.............000 000 0|
|0|.............242 176 1|
|0|.............000 000 0| * BARREL LAUNCHER has been typed *
|0|.............000 000 0|
|0|.............000 000 0|
|0|.............000 000 0|
|0|.............000 000 0|
|0|.............000 000 0|
|0|.............000 000 0|
|0|.............000 000 0|
|0|.............000 000 0|
|0|.............000 000 0|
|0|.............000 000 0|
|0|.............000 000 0|
|0|.............000 000 0|
|0|.............000 000 0|
|0|.............000 000 0|
|0|.............000 000 0|
|0|.............000 000 0|
|0|.............000 000 0|
|0|.............000 000 0|
|0|.............000 000 0|
|0|.............000 000 0|
|0|.............000 000 0|
|0|.............000 000 0|
|0|.............000 000 0|
|0|.............000 000 0|
|0|.............000 000 0|
|0|.............000 000 0|
|0|.............000 000 0|
|0|.............000 000 0|
|0|.............000 000 0|
|0|.............000 000 0|
|0|.............000 000 0|
|0|.............000 000 0|
|0|.............000 000 0|
|0|.............000 000 0|
|0|.............000 000 0|
|0|.............000 000 0|
|0|.............000 000 0|
|0|.............000 000 0|
|0|.............000 000 0|
|0|.............000 000 0|
|0|.............000 000 0|
|0|.............126 081 1|
|0|.............126 081 1|
|0|.............214 080 1|
|0|.............214 080 1|
|0|.............214 080 1|
|0|.............214 080 1|
|0|.............214 080 1|
|0|.............214 080 1|
|0|.............000 000 0|
|0|.............000 000 0|
|0|.............000 000 0|
|0|.............000 000 0|
|0|.............000 000 0|
|0|.............000 000 0|
|0|.............000 000 0|
|0|.............000 000 0|
|0|.............000 000 0|
|0|.............000 000 0|
|0|.............000 000 0|
|0|.............000 000 0|
|0|.............000 000 0|
|0|.............000 000 0|
|0|.............000 000 0|
|0|.............000 000 0|
|0|.............000 000 0|
|0|.............000 000 0|
|0|.............000 000 0|
|0|.............000 000 0|
|0|.............000 000 0|
|0|.............000 000 0|
|0|.............000 000 0|
|0|.............000 000 0|
|0|.............000 000 0|
|0|.............000 000 0|
|0|.............000 000 0|
|0|.............000 000 0|
|0|.............000 000 0|
|0|.............000 000 0|
|0|.............000 000 0|
|0|.............000 000 0|
|0|.............000 103 1|
|0|.............000 103 1|
|0|.............000 103 1|
|0|.............000 103 1|
|0|.............000 103 1|
|0|.............000 103 1|
|0|.............000 103 1|
|0|.............000 103 1|
|0|.............000 103 1|
|0|.............000 103 1|
|0|.............000 103 1|
|0|.............000 103 1|
|0|.............000 103 1|
|0|.............000 103 1|
|0|.............000 103 1|
|0|.............000 103 1|
|0|.............000 103 1|
|0|.............000 103 1|
|0|.............000 103 1|
|0|.............000 103 1|
|0|.............000 103 1|
|0|.............000 103 1|
|0|.............000 103 1|
|0|.............000 103 1|
|0|.............000 103 1|
|0|.............000 103 1|
|0|.............000 103 1|
|0|.............000 103 1|
|0|.............000 103 1|
|0|.............000 103 1|
|0|.............000 103 1|
|0|.............000 103 1|
|0|.............000 103 1|
|0|.............000 103 1|
|0|.............000 103 1|
|0|.............000 103 1|
|0|.............000 103 1|
|0|.............000 103 1|
|0|.............000 103 1|
|0|.............000 103 1|
|0|.............000 103 1|
|0|.............000 103 1|
|0|.............000 103 1|
|0|.............000 103 1|
|0|.............000 103 1|
|0|.............000 103 1|
|0|.............000 103 1|
|0|.............000 103 1|
|0|.............000 103 1|
|0|.............000 103 1|
|0|.............000 103 1|
|0|.............000 103 1|
|0|.............000 103 1|
|0|.............000 103 1|
|0|.............000 103 1|
|0|.............000 103 1|
|0|.............000 103 1|
|0|.............000 103 1|
|0|.............000 103 1|
|0|.............000 103 1|
|0|.............000 103 1|
|0|.............000 103 1|
|0|.............000 103 1|
|0|.............000 103 1|
|0|.............000 103 1|
|0|.............000 103 1|
|0|.............000 103 1|
|0|.............000 103 1|
|0|.............000 103 1|
|0|.............000 103 1|
|0|.............000 103 1|
|0|.............000 103 1|
|0|.............000 103 1|
|0|.............000 103 1|
|0|.............000 103 1|
|0|.............000 103 1|
|0|.............000 103 1|
|0|.............000 103 1|
|0|.............000 103 1|
|0|.............000 103 1|
|0|.............000 103 1|
|0|.............000 103 1|
|0|.............000 103 1|
|0|.............000 103 1|
|0|.............000 103 1|
|0|.............000 103 1|
|0|.............000 103 1|
|0|.............000 103 1|
|0|.............000 103 1|
|0|.............000 103 1|
|0|.............000 103 1|
|0|.............000 103 1|
|0|.............000 103 1|
|0|.............000 103 1|
|0|.............000 103 1|
|0|.............000 103 1|
|0|.............000 103 1|
|0|.............000 103 1|
|0|.............000 103 1|
|0|.............000 103 1|
|0|.............000 103 1|
|0|.............000 103 1|
|0|.............000 103 1|
|0|.............000 103 1|
|0|.............000 103 1|
|0|.............000 103 1|
|0|.............000 103 1|
|0|.............000 103 1|
|0|.............000 103 1|
|0|.............000 103 1|
|0|.............000 103 1|
|0|.............000 103 1|
|0|.............000 103 1|
|0|.............000 103 1|
|0|.............000 103 1|
|0|.............000 103 1|
|0|.............000 103 1|
|0|.............000 103 1|
|0|.............000 103 1|
|0|.............000 103 1|
|0|.............000 103 1|
|0|.............000 103 1|
|0|.............000 103 1|
|0|.............000 103 1|
|0|.............000 103 1|
|0|.............000 103 1|
|0|.............000 103 1|
|0|.............000 103 1|
|0|.............000 103 1|
|0|.............000 103 1|
|0|.............000 103 1|
|0|.............000 103 1|
|0|.............000 103 1|
|0|.............000 103 1|
|0|.............000 103 1|
|0|.............000 103 1|
|0|.............000 103 1|
|0|.............000 103 1|
|0|.............000 103 1|
|0|.............000 103 1|
|0|.............000 103 1|
|0|.............000 103 1|
|0|.............000 103 1|
|0|.............255 095 1|
|0|.............255 095 1|
|0|.............000 000 0|
|0|.............000 000 0|
|0|.............000 000 0|
|0|.............182 093 1|
|0|.............182 093 1|
|0|.............000 000 0|
|0|.............000 000 0|
|0|.............182 093 1|
|0|.............182 093 1|
|0|.............000 000 0|
|0|.............000 000 0|
|0|.............000 000 0|
|0|.............000 000 0|
|0|.............000 000 0|
|0|.............000 000 0|
|0|.............000 000 0|
|0|.............000 000 0|
|0|.............000 000 0|
|0|.............000 000 0|
|0|.............000 000 0|
|0|.............000 000 0|
|0|.............000 000 0|
|0|.............000 000 0|
|0|.............000 000 0|
|0|.............000 000 0|
|0|.............000 000 0|
|0|.............000 000 0|
|0|.............000 000 0|
|0|.............000 000 0|
|0|.............000 000 0|
|0|.............000 000 0|
|0|.............000 000 0|
|0|.............000 000 0|
|0|.............000 000 0|
|0|.............000 000 0|
|0|.............000 000 0|
|0|.............000 000 0|
|0|.............000 000 0|
|0|.............000 000 0|
|0|.............000 000 0|
|0|.............000 000 0|
|0|.............000 000 0|
|0|.............000 000 0|
|0|.............000 000 0|
|0|.............000 000 0|
|0|.............000 000 0|
|0|.............000 000 0|
|0|.............000 000 0|
|0|.............000 000 0|
|0|.............000 000 0|
|0|.............000 000 0|
|0|.............000 000 0|
|0|.............000 000 0|
|0|.............000 000 0|
|0|.............000 000 0|
|0|.............000 000 0|
|0|.............000 000 0|
|0|.............000 000 0|
|0|.............000 000 0|
|0|.............000 000 0|
|0|.............000 000 0|
|0|.............000 000 0|
|0|.............000 000 0|
|0|.............000 000 0|
|0|.............000 000 0|
|0|.............000 000 0|
|0|.............000 000 0|
|0|.............000 000 0|
|0|.............000 000 0|
|0|.............000 000 0|
|0|.............000 000 0|
|0|.............000 000 0|
|0|.............000 000 0|
|0|.............000 000 0|
|0|.............000 000 0|
|0|.............000 000 0|
|0|.............000 000 0|
|0|.............000 000 0|
|0|.............000 000 0|
|0|.............000 000 0|
|0|.............000 000 0|
|0|.............000 000 0|
|0|.............000 000 0|
|0|.............000 000 0|
|0|.............000 000 0|
|0|.............000 000 0|
|0|.............000 000 0|
|0|.............000 000 0|
|0|.............000 000 0|
|0|.............000 000 0|
|0|.............000 000 0|
|0|.............000 000 0|
|0|.............000 000 0|
|0|.............000 000 0|
|0|.............000 000 0|
|0|.............000 000 0|
|0|.............000 000 0|
|0|.............000 000 0|
|0|.............000 000 0|
|0|.............000 000 0|
|0|.............000 000 0|
|0|.............000 000 0|
|0|.............000 000 0|
|0|.............000 000 0|
|0|.............000 000 0|
|0|.............000 000 0|
|0|.............000 000 0|
|0|.............000 000 0|
|0|.............000 000 0|
|0|.............000 000 0|
|0|.............000 000 0|
|0|.............000 000 0|
|0|.............000 000 0|
|0|.............000 000 0|
|0|.............000 000 0|
|0|.............000 000 0|
|0|.............000 000 0|
|0|.............000 000 0|
|0|.............000 000 0|
|0|.............000 000 0|
|0|.............000 000 0|
|0|.............000 000 0|
|0|.............000 000 0|
|0|.............000 000 0|
|0|.............000 000 0|
|0|.............000 000 0|
|0|.............000 000 0|
|0|.............000 000 0|
|0|.............000 000 0|
|0|.............000 000 0|
|0|.............000 000 0|
|0|.............000 000 0|
|0|.............000 000 0|
|0|.............000 000 0|
|0|.............000 000 0|
|0|.............000 000 0|
|0|.............000 000 0|
|0|.............000 000 0|
|0|.............000 000 0|
|0|.............000 000 0|
|0|.............000 000 0|
|0|.............000 000 0|
|0|.............000 000 0|
|0|.............000 000 0|
|0|.............000 000 0|
|0|.............000 000 0|
|0|.............000 000 0|
|0|.............000 000 0|
|0|.............000 000 0|
|0|.............000 000 0|
|0|.............000 000 0|
|0|.............000 000 0|
|0|.............000 000 0|
|0|.............000 000 0|
|0|.............000 000 0|
|0|.............000 000 0|
|0|.............000 000 0|
|0|.............000 000 0|
|0|.............000 000 0|
|0|.............000 000 0|
|0|.............000 000 0|
|0|.............000 000 0|
|0|.............000 000 0|
|0|.............000 000 0|
|0|.............000 000 0|
|0|.............000 000 0|
|0|.............000 000 0|
|0|.............000 000 0|
|0|.............000 000 0|
|0|.............000 000 0|
|0|.............000 000 0|
|0|.............000 000 0|
|0|.............000 000 0|
|0|.............000 000 0|
|0|.............000 000 0|
|0|.............000 000 0|
|0|.............000 000 0|
|0|.............000 000 0|
|0|.............000 000 0|
|0|.............000 000 0|
|0|.............000 000 0|
|0|.............000 000 0|
|0|.............000 000 0|
|0|.............000 000 0|
|0|.............000 000 0|
|0|.............000 000 0|
|0|.............000 000 0|
|0|.............000 000 0|
|0|.............000 000 0|
|0|.............000 000 0|
|0|.............000 098 1|
|0|.............000 098 1|
|0|.............000 098 1|
|0|.............000 098 1|
|0|.............000 098 1|
|0|.............000 098 1|
|0|.............000 098 1|
|0|.............000 098 1|
|0|.............000 098 1|
|0|.............000 098 1|
|0|.............000 098 1|
|0|.............000 098 1|
|0|.............000 098 1|
|0|.............000 098 1|
|0|.............000 098 1|
|0|.............000 098 1|
|0|.............000 098 1|
|0|.............000 098 1|
|0|.............000 098 1|
|0|.............000 098 1|
|0|.............000 098 1|
|0|.............000 098 1|
|0|.............000 098 1|
|0|.............000 098 1|
|0|.............000 098 1|
|0|.............000 098 1|
|0|.............000 098 1|
|0|.............000 098 1|
|0|.............000 098 1|
|0|.............000 098 1|
|0|.............000 098 1|
|0|.............000 098 1|
|0|.............000 098 1|
|0|.............000 098 1|
|0|.............000 098 1|
|0|.............000 098 1|
|0|.............000 098 1|
|0|.............000 098 1|
|0|.............000 098 1|
|0|.............000 098 1|
|0|.............000 098 1|
|0|.............000 098 1|
|0|.............000 098 1|
|0|.............000 098 1|
|0|.............000 098 1|
|0|.............000 098 1|
|0|.............000 098 1|
|0|.............000 098 1|
|0|.............000 098 1|
|0|.............000 098 1|
|0|.............000 098 1|
|0|.............000 098 1|
|0|.............000 098 1|
|0|.............000 098 1|
|0|.............000 098 1|
|0|.............000 098 1|
|0|.............000 098 1|
|0|.............000 098 1|
|0|.............000 098 1|
|0|.............000 098 1|
|0|.............000 098 1|
|0|.............000 098 1|
|0|.............000 098 1|
|0|.............000 098 1|
|0|.............000 098 1|
|0|.............000 098 1|
|0|.............000 098 1|
|0|.............000 098 1|
|0|.............000 098 1|
|0|.............000 098 1|
|0|.............000 098 1|
|0|.............000 098 1|
|0|.............000 098 1|
|0|.............000 098 1|
|0|.............000 098 1|
|0|.............000 098 1|
|0|.............000 098 1|
|0|.............000 098 1|
|0|.............000 098 1|
|0|.............000 098 1|
|0|.............000 098 1|
|0|.............000 098 1|
|0|.............000 098 1|
|0|.............000 098 1|
|0|.............000 098 1|
|0|.............000 098 1|
|0|.............000 098 1|
|0|.............000 098 1|
|0|.............000 098 1|
|0|.............000 098 1|
|0|.............000 098 1|
|0|.............000 098 1|
|0|.............000 098 1|
|0|.............000 098 1|
|0|.............000 098 1|
|0|.............000 098 1|
|0|.............000 098 1|
|0|.............000 098 1|
|0|.............000 098 1|
|0|.............000 098 1|
|0|.............000 098 1|
|0|.............000 098 1|
|0|.............000 098 1|
|0|.............000 098 1|
|0|.............000 098 1|
|0|.............000 098 1|
|0|.............000 098 1|
|0|.............000 098 1|
|0|.............000 098 1|
|0|.............000 098 1|
|0|.............000 098 1|
|0|.............000 098 1|
|0|.............000 098 1|
|0|.............000 098 1|
|0|.............000 098 1|
|0|.............000 098 1|
|0|.............000 098 1|
|0|.............000 098 1| * Collect level 6-9 starite *
|0|.............000 000 0|
