|0|.............112 098 1|
|0|.............000 000 0|
|0|.............000 000 0|
|0|.............096 062 1|
|0|.............000 000 0|
|0|.............000 000 0|
|0|.............076 062 1|
|0|.............000 000 0|
|0|.............000 000 0|
|0|.............076 062 1|
|0|.............000 000 0|
|0|.............000 000 0|
|0|.............068 132 1|
|0|.............000 000 0|
|0|.............000 000 0|
|0|.............076 062 1|
|0|.............000 000 0|
|0|.............000 000 0|
|0|.............160 176 1|
|0|.............000 000 0|
|0|.............000 000 0|
|0|.............096 062 1|
|0|.............000 000 0|
|0|.............000 000 0|
|0|.............048 098 1|
|0|.............000 000 0|
|0|.............000 000 0|
|0|.............140 062 1|
|0|.............000 000 0|
|0|.............000 000 0|
|0|.............242 176 1|
|0|.............000 000 0| * FREEZE RAY has been typed *
|0|.............000 000 0|
|0|.............000 000 0|
|0|.............000 000 0|
|0|.............000 000 0|
|0|.............000 000 0|
|0|.............000 000 0|
|0|.............000 000 0|
|0|.............000 000 0|
|0|.............000 000 0|
|0|.............000 000 0|
|0|.............000 000 0|
|0|.............000 000 0|
|0|.............000 000 0|
|0|.............000 000 0|
|0|.............000 000 0|
|0|.............000 000 0|
|0|.............000 000 0|
|0|.............000 000 0|
|0|.............000 000 0|
|0|.............000 000 0|
|0|.............000 000 0|
|0|.............000 000 0|
|0|.............000 000 0|
|0|.............000 000 0|
|0|.............000 000 0|
|0|.............000 000 0|
|0|.............000 000 0|
|0|.............000 000 0|
|0|.............000 000 0|
|0|.............000 000 0|
|0|.............000 000 0|
|0|.............000 000 0|
|0|.............000 000 0|
|0|.............000 000 0|
|0|.............000 000 0|
|0|.............000 000 0|
|0|.............000 000 0|
|0|.............000 000 0|
|0|.............000 000 0|
|0|.............000 000 0|
|0|.............000 000 0|
|0|.............124 080 1|
|0|.............124 080 1|
|0|.............244 103 1|
|0|.............244 103 1|
|0|.............244 103 1|
|0|.............244 103 1|
|0|.............244 103 1|
|0|.............172 143 1|
|0|.............172 143 1|
|0|.............172 143 1|
|0|.............172 143 1|
|0|.............000 000 0|
|0|.............000 000 0|
|0|.............000 000 0|
|0|.............000 000 0|
|0|.............000 000 0|
|0|.............000 000 0|
|0|.............000 000 0|
|0|.............000 000 0|
|0|.............000 000 0|
|0|.............000 000 0|
|0|.............000 000 0|
|0|.............000 000 0|
|0|.............000 000 0|
|0|.............000 000 0|
|0|.............000 000 0|
|0|.............000 000 0|
|0|.............000 000 0|
|0|.............000 000 0|
|0|.............000 000 0|
|0|.............000 000 0|
|0|.............000 000 0|
|0|.............000 000 0|
|0|.............000 000 0|
|0|.............000 000 0|
|0|.............000 000 0|
|0|.............000 000 0|
|0|.............000 000 0|
|0|.............000 000 0|
|0|.............000 000 0|
|0|.............000 000 0|
|0|.............000 000 0|
|0|.............240 118 1|
|0|.............240 118 1|
|0|.............000 000 0|
|0|.............000 000 0|
|0|.............240 118 1|
|0|.............240 118 1|
|0|.............000 000 0|
|0|.............000 000 0|
|0|.............000 000 0|
|0|.............000 000 0|
|0|.............000 000 0|
|0|.............000 000 0|
|0|.............000 000 0|
|0|.............000 000 0|
|0|.............000 000 0|
|0|.............000 000 0|
|0|.............000 000 0|
|0|.............000 000 0|
|0|.............000 000 0|
|0|.............000 000 0|
|0|.............000 000 0|
|0|.............000 000 0|
|0|.............000 000 0|
|0|.............000 000 0|
|0|.............000 000 0|
|0|.............000 000 0|
|0|.............000 000 0|
|0|.............000 000 0|
|0|.............000 000 0|
|0|.............000 000 0|
|0|.............000 000 0|
|0|.............000 000 0|
|0|.............000 000 0|
|0|.............000 000 0|
|0|.............000 000 0|
|0|.............000 000 0|
|0|.............000 000 0|
|0|.............000 000 0|
|0|.............000 000 0|
|0|.............000 000 0|
|0|.............000 000 0|
|0|.............000 000 0|
|0|.............000 000 0|
|0|.............000 000 0|
|0|.............000 000 0|
|0|.............000 000 0|
|0|.............000 000 0|
|0|.............000 000 0|
|0|.............000 000 0|
|0|.............000 000 0|
|0|.............000 000 0|
|0|.............000 000 0|
|0|.............000 000 0|
|0|.............000 000 0|
|0|.............000 000 0|
|0|.............000 000 0|
|0|.............000 000 0|
|0|.............000 000 0|
|0|.............000 000 0|
|0|.............000 000 0|
|0|.............000 000 0|
|0|.............208 142 1|
|0|.............208 142 1|
|0|.............000 000 0|
|0|.............000 000 0|
|0|.............000 000 0|
|0|.............000 000 0|
|0|.............000 000 0|
|0|.............130 033 1|
|0|.............000 000 0|
|0|.............255 155 1|
|0|.............255 155 1|
|0|.............255 155 1|
|0|.............255 155 1|
|0|.............255 155 1|
|0|.............255 155 1|
|0|.............255 155 1|
|0|.............255 155 1|
|0|.............255 155 1|
|0|.............255 155 1|
|0|.............255 155 1|
|0|.............255 155 1|
|0|.............255 155 1|
|0|.............255 155 1|
|0|.............255 155 1|
|0|.............255 155 1|
|0|.............255 155 1|
|0|.............255 155 1|
|0|.............255 155 1|
|0|.............255 155 1|
|0|.............255 155 1|
|0|.............255 155 1|
|0|.............255 155 1|
|0|.............255 155 1|
|0|.............255 155 1|
|0|.............255 155 1|
|0|.............255 155 1|
|0|.............255 155 1|
|0|.............255 155 1|
|0|.............255 155 1|
|0|.............255 155 1|
|0|.............255 155 1|
|0|.............255 155 1|
|0|.............255 155 1|
|0|.............255 155 1|
|0|.............255 155 1|
|0|.............255 155 1|
|0|.............255 155 1|
|0|.............000 000 0|
|0|.............178 097 1|
|0|.............178 097 1|
|0|.............000 000 0|
|0|.............000 000 0|
|0|.............000 000 0|
|0|.............000 000 0|
|0|.............000 000 0|
|0|.............000 000 0|
|0|.............000 000 0|
|0|.............000 000 0|
|0|.............000 000 0|
|0|.............000 000 0|
|0|.............000 000 0|
|0|.............000 000 0|
|0|.............000 000 0|
|0|.............000 000 0|
|0|.............000 000 0|
|0|.............000 000 0|
|0|.............000 000 0|
|0|.............000 000 0|
|0|.............000 000 0|
|0|.............000 000 0|
|0|.............000 000 0|
|0|.............000 000 0|
|0|.............000 000 0|
|0|.............000 000 0|
|0|.............000 000 0|
|0|.............000 000 0|
|0|.............000 000 0|
|0|.............000 000 0|
|0|.............000 000 0|
|0|.............000 000 0|
|0|.............000 000 0|
|0|.............000 000 0|
|0|.............000 000 0|
|0|.............000 000 0|
|0|.............000 000 0|
|0|.............000 000 0|
|0|.............000 000 0|
|0|.............000 000 0|
|0|.............000 000 0|
|0|.............000 000 0|
|0|.............000 000 0|
|0|.............000 000 0|
|0|.............000 000 0|
|0|.............000 000 0|
|0|.............000 000 0|
|0|.............000 000 0|
|0|.............000 000 0|
|0|.............000 000 0|
|0|.............000 000 0|
|0|.............000 000 0|
|0|.............000 000 0|
|0|.............000 000 0|
|0|.............000 000 0|
|0|.............000 000 0|
|0|.............000 000 0|
|0|.............000 000 0|
|0|.............000 000 0|
|0|.............000 000 0|
|0|.............000 000 0|
|0|.............000 000 0|
|0|.............000 000 0|
|0|.............000 000 0|
|0|.............000 000 0|
|0|.............000 000 0|
|0|.............000 000 0|
|0|.............000 000 0|
|0|.............000 000 0|
|0|.............000 000 0|
|0|.............000 000 0|
|0|.............000 000 0|
|0|.............000 000 0|
|0|.............000 000 0|
|0|.............000 000 0|
|0|.............000 000 0|
|0|.............000 000 0|
|0|.............000 000 0|
|0|.............000 000 0|
|0|.............000 000 0|
|0|.............000 000 0|
|0|.............000 000 0|
|0|.............000 000 0|
|0|.............000 000 0|
|0|.............000 000 0|
|0|.............000 000 0|
|0|.............000 000 0|
|0|.............000 000 0|
|0|.............000 000 0|
|0|.............000 000 0|
|0|.............000 000 0|
|0|.............000 000 0|
|0|.............000 000 0|
|0|.............000 000 0|
|0|.............000 000 0|
|0|.............000 000 0|
|0|.............000 000 0|
|0|.............000 000 0|
|0|.............000 000 0|
|0|.............000 000 0|
|0|.............000 000 0|
|0|.............000 000 0|
|0|.............000 000 0|
|0|.............000 000 0|
|0|.............000 000 0|
|0|.............000 000 0|
|0|.............000 000 0|
|0|.............000 000 0|
|0|.............000 000 0|
|0|.............000 000 0|
|0|.............000 000 0|
|0|.............000 000 0|
|0|.............000 000 0|
|0|.............000 000 0|
|0|.............000 000 0|
|0|.............000 000 0|
|0|.............000 000 0|
|0|.............000 000 0|
|0|.............000 000 0|
|0|.............000 000 0|
|0|.............000 000 0|
|0|.............000 000 0|
|0|.............000 000 0|
|0|.............000 000 0|
|0|.............000 000 0|
|0|.............000 000 0|
|0|.............000 000 0|
|0|.............000 000 0|
|0|.............000 000 0|
|0|.............000 000 0|
|0|.............000 000 0|
|0|.............000 000 0|
|0|.............000 000 0|
|0|.............000 000 0|
|0|.............000 000 0|
|0|.............000 000 0|
|0|.............000 000 0|
|0|.............000 000 0|
|0|.............000 000 0|
|0|.............000 000 0|
|0|.............000 000 0|
|0|.............000 000 0|
|0|.............000 000 0|
|0|.............000 000 0|
|0|.............000 000 0|
|0|.............000 000 0|
|0|.............000 000 0|
|0|.............000 000 0|
|0|.............000 000 0|
|0|.............000 000 0|
|0|.............000 000 0|
|0|.............000 000 0|
|0|.............000 000 0|
|0|.............000 000 0|
|0|.............000 000 0|
|0|.............000 000 0|
|0|.............000 000 0|
|0|.............000 000 0|
|0|.............000 000 0|
|0|.............000 000 0|
|0|.............000 000 0|
|0|.............000 000 0|
|0|.............000 000 0|
|0|.............000 000 0|
|0|.............000 000 0|
|0|.............000 000 0|
|0|.............000 000 0|
|0|.............000 000 0|
|0|.............000 000 0|
|0|.............000 000 0|
|0|.............000 000 0|
|0|.............000 000 0|
|0|.............000 000 0|
|0|.............000 000 0|
|0|.............000 000 0|
|0|.............000 000 0|
|0|.............000 000 0|
|0|.............000 000 0|
|0|.............000 000 0|
|0|.............000 000 0|
|0|.............000 000 0|
|0|.............000 000 0|
|0|.............000 000 0|
|0|.............000 000 0|
|0|.............000 000 0|
|0|.............000 000 0|
|0|.............000 000 0|
|0|.............000 000 0|
|0|.............000 000 0|
|0|.............000 000 0|
|0|.............000 000 0|
|0|.............000 000 0|
|0|.............000 000 0|
|0|.............000 000 0|
|0|.............000 000 0|
|0|.............000 000 0|
|0|.............000 000 0|
|0|.............000 000 0|
|0|.............000 000 0|
|0|.............000 000 0|
|0|.............000 000 0|
|0|.............000 000 0|
|0|.............000 000 0|
|0|.............000 000 0|
|0|.............000 000 0|
|0|.............000 000 0|
|0|.............000 000 0|
|0|.............000 000 0|
|0|.............000 000 0|
|0|.............000 000 0|
|0|.............000 000 0|
|0|.............000 000 0|
|0|.............000 000 0|
|0|.............000 000 0|
|0|.............000 000 0|
|0|.............000 000 0|
|0|.............000 000 0|
|0|.............000 000 0|
|0|.............000 000 0|
|0|.............000 000 0|
|0|.............000 000 0|
|0|.............000 000 0|
|0|.............000 000 0|
|0|.............000 000 0|
|0|.............000 000 0|
|0|.............000 000 0|
|0|.............000 000 0|
|0|.............000 000 0|
|0|.............000 000 0|
|0|.............000 000 0|
|0|.............000 000 0|
|0|.............000 000 0|
|0|.............000 000 0|
|0|.............000 000 0|
|0|.............000 000 0|
|0|.............000 000 0|
|0|.............000 000 0|
|0|.............000 000 0|
|0|.............000 000 0|
|0|.............000 000 0|
|0|.............000 000 0|
|0|.............000 000 0|
|0|.............000 000 0|
|0|.............000 000 0|
|0|.............000 000 0|
|0|.............000 000 0|
|0|.............000 000 0|
|0|.............000 000 0|
|0|.............000 000 0|
|0|.............000 000 0|
|0|.............000 000 0|
|0|.............000 000 0|
|0|.............000 000 0|
|0|.............000 000 0|
|0|.............000 000 0|
|0|.............000 000 0|
|0|.............000 000 0|
|0|.............000 000 0|
|0|.............000 000 0|
|0|.............000 000 0|
|0|.............000 000 0|
|0|.............000 000 0|
|0|.............000 000 0|
|0|.............000 000 0|
|0|.............000 000 0|
|0|.............000 000 0|
|0|.............000 000 0|
|0|.............000 000 0|
|0|.............000 000 0|
|0|.............000 000 0|
|0|.............000 000 0|
|0|.............000 000 0|
|0|.............000 000 0|
|0|.............000 000 0|
|0|.............000 000 0|
|0|.............000 000 0|
|0|.............000 000 0|
|0|.............000 000 0|
|0|.............000 000 0|
|0|.............000 000 0|
|0|.............000 000 0|
|0|.............000 000 0|
|0|.............206 127 1|
|0|.............206 127 1|
|0|.............000 000 0|
|0|.............000 000 0|
|0|.............000 000 0|
|0|.............000 000 0|
|0|.............000 000 0|
|0|.............000 000 0|
|0|.............000 000 0|
|0|.............000 000 0|
|0|.............000 000 0|
|0|.............000 000 0|
|0|.............000 000 0|
|0|.............000 000 0|
|0|.............000 000 0|
|0|.............000 000 0|
|0|.............000 000 0|
|0|.............000 000 0|
|0|.............000 000 0|
|0|.............000 000 0|
|0|.............060 021 1|
|0|.............000 000 0|
|0|.............255 154 1|
|0|.............255 154 1|
|0|.............255 154 1|
|0|.............255 154 1|
|0|.............255 154 1|
|0|.............255 154 1|
|0|.............255 154 1|
|0|.............255 154 1|
|0|.............255 154 1|
|0|.............255 154 1|
|0|.............255 154 1|
|0|.............255 154 1|
|0|.............255 154 1|
|0|.............255 154 1|
|0|.............255 154 1|
|0|.............255 154 1|
|0|.............255 154 1|
|0|.............255 154 1|
|0|.............255 154 1|
|0|.............255 154 1|
|0|.............000 000 0|
|0|.............000 000 0|
|0|.............000 000 0|
|0|.............000 000 0|
|0|.............000 000 0|
|0|.............000 000 0|
|0|.............000 000 0|
|0|.............000 000 0|
|0|.............000 000 0|
|0|.............000 000 0|
|0|.............000 000 0|
|0|.............000 000 0|
|0|.............000 000 0|
|0|.............000 000 0|
|0|.............000 000 0|
|0|.............000 000 0|
|0|.............000 000 0|
|0|.............000 000 0|
|0|.............000 000 0|
|0|.............000 000 0|
|0|.............000 000 0|
|0|.............000 000 0|
|0|.............000 000 0|
|0|.............000 000 0|
|0|.............000 000 0|
|0|.............000 000 0|
|0|.............000 000 0|
|0|.............000 000 0|
|0|.............000 000 0|
|0|.............000 000 0|
|0|.............000 000 0|
|0|.............000 000 0|
|0|.............000 000 0|
|0|.............000 000 0|
|0|.............000 000 0|
|0|.............000 000 0|
|0|.............000 000 0|
|0|.............000 000 0|
|0|.............000 000 0|
|0|.............000 000 0|
|0|.............000 000 0|
|0|.............000 000 0|
|0|.............000 000 0|
|0|.............000 000 0|
|0|.............000 000 0|
|0|.............000 000 0|
|0|.............000 000 0|
|0|.............000 000 0|
|0|.............000 000 0|
|0|.............000 000 0|
|0|.............000 000 0|
|0|.............000 000 0|
|0|.............000 000 0|
|0|.............000 000 0|
|0|.............000 000 0|
|0|.............000 000 0|
|0|.............000 000 0|
|0|.............000 000 0|
|0|.............000 000 0|
|0|.............000 000 0|
|0|.............000 000 0|
|0|.............000 000 0|
|0|.............000 000 0|
|0|.............000 000 0|
|0|.............000 000 0|
|0|.............000 000 0|
|0|.............000 000 0|
|0|.............000 000 0|
|0|.............000 000 0|
|0|.............000 000 0|
|0|.............000 000 0|
|0|.............000 000 0|
|0|.............000 000 0|
|0|.............000 000 0|
|0|.............000 000 0|
|0|.............000 000 0|
|0|.............000 000 0|
|0|.............000 000 0|
|0|.............000 000 0|
|0|.............000 000 0|
|0|.............000 000 0|
|0|.............000 000 0|
|0|.............000 000 0|
|0|.............000 000 0|
|0|.............000 000 0|
|0|.............000 000 0|
|0|.............000 000 0|
|0|.............000 000 0|
|0|.............000 000 0|
|0|.............000 000 0|
|0|.............000 000 0|
|0|.............000 000 0|
|0|.............000 000 0|
|0|.............000 000 0|
|0|.............000 000 0|
|0|.............000 000 0|
|0|.............000 000 0|
|0|.............000 000 0|
|0|.............000 000 0|
|0|.............000 000 0|
|0|.............000 000 0|
|0|.............000 000 0|
|0|.............000 000 0|
|0|.............000 000 0|
|0|.............000 000 0|
|0|.............000 000 0|
|0|.............000 000 0|
|0|.............000 000 0|
|0|.............000 000 0|
|0|.............000 000 0|
|0|.............000 000 0|
|0|.............000 000 0|
|0|.............000 000 0|
|0|.............000 000 0|
|0|.............000 000 0|
|0|.............000 000 0|
|0|.............000 000 0|
|0|.............000 000 0|
|0|.............000 000 0|
|0|.............000 000 0|
|0|.............238 021 1|
|0|.............238 021 1| * Open notebook *
|0|.............000 000 0|
|0|.............000 000 0|
|0|.............000 000 0|
|0|.............000 000 0|
|0|.............000 000 0|
|0|.............000 000 0|
|0|.............000 000 0|
|0|.............000 000 0|
|0|.............000 000 0|
|0|.............000 000 0|
|0|.............000 000 0|
|0|.............000 000 0|
|0|.............000 000 0|
|0|.............000 000 0|
|0|.............000 000 0|
|0|.............000 000 0|
|0|.............000 000 0|
|0|.............000 000 0|
|0|.............000 000 0|
|0|.............000 000 0|
|0|.............000 000 0|
|0|.............000 000 0|
|0|.............000 000 0|
|0|.............000 000 0|
|0|.............000 000 0|
|0|.............000 000 0|
|0|.............000 000 0|
|0|.............000 000 0|
|0|.............000 000 0|
|0|.............000 000 0|
|0|.............000 000 0|
|0|.............000 000 0|
|0|.............000 000 0|
|0|.............000 000 0|
|0|.............000 000 0|
|0|.............000 000 0|
