|0|.............152 132 1|
|0|.............000 000 0|
|0|.............000 000 0|
|0|.............160 062 1|
|0|.............000 000 0|
|0|.............000 000 0|
|0|.............118 062 1|
|0|.............000 000 0|
|0|.............000 000 0|
|0|.............118 062 1|
|0|.............000 000 0|
|0|.............000 000 0|
|0|.............076 062 1|
|0|.............000 000 0|
|0|.............000 000 0|
|0|.............096 062 1|
|0|.............000 000 0|
|0|.............000 000 0|
|0|.............112 098 1|
|0|.............000 000 0|
|0|.............000 000 0|
|0|.............216 098 1|
|0|.............000 000 0|
|0|.............000 000 0|
|0|.............140 062 1|
|0|.............000 000 0|
|0|.............000 000 0|
|0|.............160 176 1|
|0|.............000 000 0|
|0|.............000 000 0|
|0|.............056 062 1|
|0|.............000 000 0|
|0|.............000 000 0|
|0|.............180 062 1|
|0|.............000 000 0|
|0|.............000 000 0|
|0|.............174 132 1|
|0|.............000 000 0|
|0|.............000 000 0|
|0|.............132 098 1|
|0|.............000 000 0|
|0|.............000 000 0|
|0|.............070 098 1|
|0|.............000 000 0|
|0|.............000 000 0|
|0|.............242 176 1|
|0|.............000 000 0| * BUTTERFLY WINGS has been typed *
|0|.............000 000 0|
|0|.............000 000 0|
|0|.............000 000 0|
|0|.............000 000 0|
|0|.............000 000 0|
|0|.............000 000 0|
|0|.............000 000 0|
|0|.............000 000 0|
|0|.............000 000 0|
|0|.............000 000 0|
|0|.............000 000 0|
|0|.............000 000 0|
|0|.............000 000 0|
|0|.............000 000 0|
|0|.............000 000 0|
|0|.............000 000 0|
|0|.............000 000 0|
|0|.............000 000 0|
|0|.............000 000 0|
|0|.............000 000 0|
|0|.............000 000 0|
|0|.............000 000 0|
|0|.............000 000 0|
|0|.............000 000 0|
|0|.............000 000 0|
|0|.............000 000 0|
|0|.............000 000 0|
|0|.............000 000 0|
|0|.............000 000 0|
|0|.............000 000 0|
|0|.............000 000 0|
|0|.............000 000 0|
|0|.............000 000 0|
|0|.............000 000 0|
|0|.............000 000 0|
|0|.............000 000 0|
|0|.............000 000 0|
|0|.............000 000 0|
|0|.............000 000 0|
|0|.............000 000 0|
|0|.............126 082 1|
|0|.............126 082 1|
|0|.............072 124 1|
|0|.............072 124 1|
|0|.............072 124 1|
|0|.............072 124 1|
|0|.............072 124 1|
|0|.............072 124 1|
|0|.............000 000 0|
|0|.............148 000 1|
|0|.............148 000 1|
|0|.............148 000 1|
|0|.............148 000 1|
|0|.............148 000 1|
|0|.............148 000 1|
|0|.............148 000 1|
|0|.............148 000 1|
|0|.............148 000 1|
|0|.............148 000 1|
|0|.............148 000 1|
|0|.............148 000 1|
|0|.............148 000 1|
|0|.............148 000 1|
|0|.............148 000 1|
|0|.............148 000 1|
|0|.............148 000 1|
|0|.............148 000 1|
|0|.............148 000 1|
|0|.............148 000 1|
|0|.............148 000 1|
|0|.............148 000 1|
|0|.............148 000 1|
|0|.............148 000 1|
|0|.............148 000 1|
|0|.............148 000 1|
|0|.............148 000 1|
|0|.............148 000 1|
|0|.............148 000 1|
|0|.............148 000 1|
|0|.............148 000 1|
|0|.............148 000 1|
|0|.............148 000 1|
|0|.............148 000 1|
|0|.............148 000 1|
|0|.............148 000 1|
|0|.............148 000 1|
|0|.............148 000 1|
|0|.............148 000 1|
|0|.............148 000 1|
|0|.............148 000 1|
|0|.............148 000 1|
|0|.............148 000 1|
|0|.............148 000 1|
|0|.............148 000 1|
|0|.............148 000 1|
|0|.............148 000 1|
|0|.............148 000 1|
|0|.............148 000 1|
|0|.............255 114 1|
|0|.............255 114 1|
|0|.............255 114 1|
|0|.............255 114 1|
|0|.............255 114 1|
|0|.............255 114 1|
|0|.............255 114 1|
|0|.............255 114 1|
|0|.............255 114 1|
|0|.............255 114 1|
|0|.............255 114 1|
|0|.............255 114 1|
|0|.............255 114 1|
|0|.............255 114 1|
|0|.............255 114 1|
|0|.............255 114 1|
|0|.............255 114 1|
|0|.............255 114 1|
|0|.............255 114 1|
|0|.............255 114 1|
|0|.............255 114 1|
|0|.............255 114 1|
|0|.............255 114 1|
|0|.............255 114 1|
|0|.............255 114 1|
|0|.............255 114 1|
|0|.............255 114 1|
|0|.............255 114 1|
|0|.............255 114 1|
|0|.............255 114 1|
|0|.............255 114 1|
|0|.............255 114 1|
|0|.............255 114 1|
|0|.............255 114 1|
|0|.............255 114 1|
|0|.............255 114 1|
|0|.............255 114 1|
|0|.............255 114 1|
|0|.............255 114 1|
|0|.............255 114 1|
|0|.............255 114 1|
|0|.............255 114 1|
|0|.............255 114 1|
|0|.............114 192 1|
|0|.............114 192 1|
|0|.............114 192 1|
|0|.............114 192 1|
|0|.............114 192 1|
|0|.............114 192 1|
|0|.............114 192 1|
|0|.............114 192 1|
|0|.............114 192 1|
|0|.............114 192 1|
|0|.............114 192 1|
|0|.............114 192 1|
|0|.............114 192 1|
|0|.............114 192 1|
|0|.............114 192 1|
|0|.............114 192 1|
|0|.............114 192 1|
|0|.............114 192 1|
|0|.............114 192 1|
|0|.............114 192 1|
|0|.............114 192 1|
|0|.............114 192 1|
|0|.............114 192 1|
|0|.............114 192 1|
|0|.............114 192 1|
|0|.............114 192 1|
|0|.............114 192 1|
|0|.............114 192 1|
|0|.............114 192 1|
|0|.............114 192 1|
|0|.............114 192 1|
|0|.............114 192 1|
|0|.............114 192 1|
|0|.............114 192 1|
|0|.............114 192 1|
|0|.............114 192 1|
|0|.............114 192 1|
|0|.............255 148 1|
|0|.............255 148 1|
|0|.............255 148 1|
|0|.............255 148 1|
|0|.............255 148 1|
|0|.............255 148 1|
|0|.............255 148 1|
|0|.............255 148 1|
|0|.............255 148 1|
|0|.............255 148 1|
|0|.............255 148 1|
|0|.............255 148 1|
|0|.............255 148 1|
|0|.............255 148 1|
|0|.............255 148 1|
|0|.............255 148 1|
|0|.............255 148 1|
|0|.............255 148 1|
|0|.............255 148 1|
|0|.............255 148 1|
|0|.............255 148 1|
|0|.............255 148 1|
|0|.............255 148 1|
|0|.............255 148 1|
|0|.............255 148 1|
|0|.............255 148 1|
|0|.............255 148 1|
|0|.............255 148 1|
|0|.............255 148 1|
|0|.............255 148 1|
|0|.............255 148 1|
|0|.............255 148 1|
|0|.............255 148 1|
|0|.............255 148 1|
|0|.............255 148 1|
|0|.............255 148 1|
|0|.............255 148 1|
|0|.............255 148 1|
|0|.............255 148 1|
|0|.............255 148 1|
|0|.............255 148 1|
|0|.............255 148 1|
|0|.............255 148 1|
|0|.............255 148 1|
|0|.............255 148 1|
|0|.............255 148 1|
|0|.............255 148 1|
|0|.............255 148 1|
|0|.............255 148 1|
|0|.............255 148 1|
|0|.............255 148 1|
|0|.............255 148 1|
|0|.............255 148 1|
|0|.............255 148 1|
|0|.............000 000 0|
|0|.............000 000 0|
|0|.............000 000 0|
|0|.............000 000 0|
|0|.............000 000 0|
|0|.............000 000 0|
|0|.............000 000 0|
|0|.............000 000 0|
|0|.............000 000 0|
|0|.............000 000 0|
|0|.............000 000 0|
|0|.............000 000 0|
|0|.............000 000 0|
|0|.............000 000 0|
|0|.............000 000 0|
|0|.............000 000 0|
|0|.............000 000 0|
|0|.............000 000 0|
|0|.............000 000 0|
|0|.............000 000 0|
|0|.............000 000 0|
|0|.............000 000 0|
|0|.............000 000 0|
|0|.............000 000 0|
|0|.............000 000 0|
|0|.............000 000 0|
|0|.............000 000 0|
|0|.............000 000 0|
|0|.............000 000 0|
|0|.............000 000 0|
|0|.............000 000 0|
|0|.............000 000 0|
|0|.............000 000 0|
|0|.............000 000 0|
|0|.............000 000 0|
|0|.............000 000 0|
|0|.............000 000 0|
|0|.............000 000 0|
|0|.............000 000 0|
|0|.............000 000 0|
|0|.............000 000 0|
|0|.............000 000 0|
|0|.............000 000 0|
|0|.............000 000 0|
|0|.............000 000 0|
|0|.............000 000 0|
|0|.............000 000 0|
|0|.............000 000 0|
|0|.............000 000 0|
|0|.............000 000 0|
|0|.............000 000 0|
|0|.............000 000 0|
|0|.............000 000 0|
|0|.............000 000 0|
|0|.............000 000 0|
|0|.............000 000 0|
|0|.............000 000 0|
|0|.............000 000 0|
|0|.............000 000 0|
|0|.............000 000 0|
|0|.............000 000 0|
|0|.............000 000 0|
|0|.............000 000 0|
|0|.............000 000 0|
|0|.............000 000 0|
|0|.............000 000 0|
|0|.............000 000 0|
|0|.............000 000 0|
|0|.............000 000 0|
|0|.............000 000 0|
|0|.............000 000 0|
|0|.............000 000 0|
|0|.............000 000 0|
|0|.............000 000 0|
|0|.............000 000 0|
|0|.............000 000 0|
|0|.............000 000 0|
|0|.............000 000 0|
|0|.............000 000 0|
|0|.............000 000 0|
|0|.............000 000 0|
|0|.............000 000 0|
|0|.............000 000 0|
|0|.............000 000 0|
|0|.............000 000 0|
|0|.............000 000 0|
|0|.............000 000 0|
|0|.............000 000 0|
|0|.............000 000 0|
|0|.............000 000 0|
|0|.............000 000 0|
|0|.............000 000 0|
|0|.............000 000 0|
|0|.............000 000 0|
|0|.............000 000 0|
|0|.............000 000 0|
|0|.............000 000 0|
|0|.............000 000 0|
|0|.............000 000 0|
|0|.............000 000 0|
|0|.............000 000 0|
|0|.............000 000 0|
|0|.............000 000 0|
|0|.............000 000 0|
|0|.............000 000 0|
|0|.............000 000 0|
|0|.............000 000 0|
|0|.............000 000 0|
|0|.............000 000 0|
|0|.............000 000 0|
|0|.............000 000 0|
|0|.............000 000 0|
|0|.............000 000 0|
|0|.............000 000 0|
|0|.............000 000 0|
|0|.............000 000 0|
|0|.............000 000 0|
|0|.............000 000 0|
|0|.............000 000 0|
|0|.............000 000 0|
|0|.............000 000 0|
|0|.............000 000 0|
|0|.............000 000 0|
|0|.............000 000 0|
|0|.............000 000 0|
|0|.............000 000 0|
|0|.............000 000 0|
|0|.............000 000 0|
|0|.............000 000 0|
|0|.............000 000 0|
|0|.............000 000 0|
|0|.............000 000 0|
|0|.............000 000 0|
|0|.............000 000 0|
|0|.............000 000 0|
|0|.............000 000 0|
|0|.............000 000 0|
|0|.............000 000 0|
|0|.............000 000 0|
|0|.............000 000 0|
|0|.............000 000 0|
|0|.............000 000 0|
|0|.............000 000 0|
|0|.............000 000 0|
|0|.............000 000 0|
|0|.............000 000 0|
|0|.............000 000 0|
|0|.............000 000 0|
|0|.............000 000 0|
|0|.............000 000 0|
|0|.............000 000 0|
|0|.............000 000 0|
|0|.............000 000 0|
|0|.............000 000 0|
|0|.............000 000 0|
|0|.............000 000 0|
|0|.............000 000 0|
|0|.............000 000 0|
|0|.............000 000 0|
|0|.............000 000 0|
|0|.............000 000 0|
|0|.............000 000 0|
|0|.............000 000 0|
|0|.............000 000 0|
|0|.............000 000 0|
|0|.............000 000 0|
|0|.............000 000 0|
|0|.............000 000 0|
|0|.............000 000 0|
|0|.............000 000 0|
|0|.............000 000 0|
|0|.............000 000 0|
|0|.............000 000 0|
|0|.............000 000 0|
|0|.............000 000 0|
|0|.............000 000 0|
|0|.............000 000 0|
|0|.............000 000 0|
|0|.............000 000 0|
|0|.............000 000 0|
|0|.............000 000 0|
|0|.............000 000 0|
|0|.............000 000 0|
|0|.............000 000 0|
|0|.............000 000 0|
|0|.............000 000 0|
|0|.............000 000 0|
|0|.............000 000 0|
|0|.............000 000 0|
|0|.............000 000 0|
|0|.............000 000 0|
|0|.............000 000 0|
|0|.............000 000 0|
|0|.............000 000 0|
|0|.............000 000 0|
|0|.............000 000 0|
|0|.............000 000 0|
|0|.............000 000 0|
|0|.............000 000 0|
|0|.............000 000 0|
|0|.............000 000 0|
|0|.............000 000 0|
|0|.............000 000 0|
|0|.............000 000 0|
|0|.............000 000 0|
|0|.............000 000 0|
|0|.............000 000 0|
|0|.............000 000 0|
|0|.............000 000 0|
|0|.............000 000 0|
|0|.............000 000 0|
|0|.............000 000 0|
|0|.............000 000 0|
|0|.............000 000 0|
|0|.............000 000 0|
|0|.............000 000 0|
|0|.............000 000 0|
|0|.............000 000 0|
|0|.............000 000 0|
|0|.............000 000 0|
|0|.............000 000 0|
|0|.............000 000 0|
|0|.............000 000 0|
|0|.............000 000 0|
|0|.............000 000 0|
|0|.............000 000 0|
|0|.............000 000 0|
|0|.............000 000 0|
|0|.............000 000 0|
|0|.............000 000 0|
|0|.............000 000 0|
|0|.............000 000 0|
|0|.............000 000 0|
|0|.............000 000 0|
|0|.............000 000 0|
|0|.............000 000 0|
|0|.............000 000 0|
|0|.............000 000 0|
|0|.............000 000 0|
|0|.............000 000 0|
|0|.............000 000 0|
|0|.............000 000 0|
|0|.............000 000 0|
|0|.............000 000 0|
|0|.............000 000 0|
|0|.............000 000 0|
|0|.............000 000 0|
|0|.............000 000 0|
|0|.............000 000 0|
|0|.............000 000 0|
|0|.............000 000 0|
|0|.............000 000 0|
|0|.............000 000 0|
|0|.............000 000 0|
|0|.............000 000 0|
|0|.............178 120 1|
|0|.............178 120 1| * PRESS OKAY *
|0|.............000 000 0|
|0|.............000 000 0|
|0|.............000 000 0|
|0|.............000 000 0|
|0|.............000 000 0|
|0|.............000 000 0|
|0|.............000 000 0|
|0|.............000 000 0|
|0|.............000 000 0|
|0|.............000 000 0|
|0|.............000 000 0|
|0|.............000 000 0|
|0|.............000 000 0|
|0|.............000 000 0|
|0|.............000 000 0|
|0|.............000 000 0|
|0|.............000 000 0|
|0|.............000 000 0|
|0|.............058 021 1|
|0|.............000 000 0|
|0|.............000 136 1|
|0|.............000 136 1|
|0|.............000 136 1|
|0|.............000 136 1|
|0|.............000 136 1|
|0|.............000 136 1|
|0|.............000 136 1|
|0|.............000 136 1|
|0|.............000 136 1|
|0|.............000 136 1|
|0|.............000 136 1|
|0|.............000 136 1|
|0|.............000 136 1|
|0|.............000 136 1|
|0|.............000 136 1|
|0|.............000 136 1|
|0|.............000 136 1|
|0|.............000 000 0|
|0|.............000 000 0|
|0|.............000 000 0|
|0|.............000 000 0|
|0|.............000 000 0|
|0|.............000 000 0|
|0|.............000 000 0|
|0|.............000 000 0|
|0|.............000 000 0|
|0|.............000 000 0|
|0|.............000 000 0|
|0|.............000 000 0|
|0|.............000 000 0|
|0|.............000 000 0|
|0|.............000 000 0|
|0|.............000 000 0|
|0|.............000 000 0|
|0|.............058 021 1|
|0|.............000 000 0|
|0|.............255 136 1|
|0|.............255 136 1|
|0|.............255 136 1|
|0|.............255 136 1|
|0|.............255 136 1|
|0|.............255 136 1|
|0|.............255 136 1|
|0|.............255 136 1|
|0|.............255 136 1|
|0|.............255 136 1|
|0|.............255 136 1|
|0|.............255 136 1|
|0|.............255 136 1|
|0|.............255 136 1|
|0|.............255 136 1|
|0|.............255 136 1|
|0|.............255 136 1|
|0|.............255 136 1|
|0|.............255 136 1|
|0|.............255 136 1|
|0|.............255 136 1|
|0|.............255 136 1|
|0|.............255 136 1|
|0|.............255 136 1|
|0|.............255 136 1|
|0|.............255 136 1|
|0|.............255 136 1|
|0|.............255 136 1|
|0|.............255 136 1|
|0|.............255 136 1|
|0|.............255 136 1|
|0|.............255 136 1|
|0|.............255 136 1|
|0|.............255 136 1|
|0|.............255 136 1|
|0|.............255 136 1|
|0|.............255 136 1|
|0|.............255 136 1|
|0|.............255 136 1|
|0|.............255 136 1|
|0|.............255 136 1|
|0|.............255 136 1|
|0|.............255 136 1|
|0|.............255 136 1|
|0|.............255 136 1|
|0|.............255 136 1|
|0|.............255 136 1|
|0|.............255 136 1|
|0|.............255 136 1|
|0|.............255 136 1|
|0|.............255 136 1|
|0|.............255 136 1|
|0|.............255 136 1|
|0|.............255 136 1|
|0|.............255 136 1|
|0|.............255 136 1|
|0|.............255 136 1|
|0|.............255 136 1|
|0|.............255 136 1|
|0|.............255 136 1|
|0|.............255 136 1|
|0|.............255 136 1|
|0|.............255 136 1|
|0|.............255 136 1|
|0|.............255 136 1|
|0|.............255 136 1|
|0|.............255 136 1|
|0|.............255 136 1|
|0|.............255 136 1|
|0|.............255 136 1|
|0|.............255 136 1|
|0|.............255 136 1|
|0|.............255 136 1|
|0|.............255 136 1|
|0|.............255 136 1|
|0|.............255 136 1|
|0|.............255 136 1|
|0|.............255 136 1|
|0|.............255 136 1|
|0|.............255 136 1|
|0|.............255 136 1|
|0|.............255 136 1|
|0|.............255 136 1|
|0|.............255 136 1|
|0|.............255 136 1|
|0|.............255 136 1|
|0|.............255 136 1|
|0|.............255 136 1|
|0|.............255 136 1|
|0|.............255 136 1|
|0|.............255 136 1|
|0|.............255 136 1|
|0|.............255 136 1|
|0|.............255 136 1|
|0|.............255 136 1|
|0|.............255 136 1|
|0|.............255 136 1|
|0|.............255 136 1|
|0|.............255 136 1|
|0|.............255 136 1|
|0|.............255 136 1|
|0|.............000 000 0|
|0|.............000 000 0|
|0|.............000 000 0|
|0|.............000 000 0|
|0|.............000 000 0|
|0|.............000 000 0|
|0|.............000 000 0|
|0|.............000 000 0|
|0|.............000 000 0|
|0|.............000 000 0|
|0|.............000 000 0|
|0|.............000 000 0|
|0|.............000 000 0|
|0|.............000 000 0|
|0|.............000 000 0|
|0|.............000 000 0|
|0|.............000 000 0|
|0|.............000 000 0|
|0|.............000 000 0|
|0|.............236 020 1|
|0|.............236 020 1| * Open notebook *
|0|.............000 000 0|
|0|.............000 000 0|
|0|.............000 000 0|
|0|.............000 000 0|
|0|.............000 000 0|
|0|.............000 000 0|
|0|.............000 000 0|
|0|.............000 000 0|
|0|.............000 000 0|
|0|.............000 000 0|
|0|.............000 000 0|
|0|.............000 000 0|
|0|.............000 000 0|
|0|.............000 000 0|
|0|.............000 000 0|
|0|.............000 000 0|
|0|.............000 000 0|
|0|.............000 000 0|
|0|.............000 000 0|
|0|.............000 000 0|
|0|.............000 000 0|
|0|.............000 000 0|
|0|.............000 000 0|
|0|.............000 000 0|
|0|.............000 000 0|
|0|.............000 000 0|
|0|.............000 000 0|
|0|.............000 000 0|
|0|.............000 000 0|
|0|.............000 000 0|
|0|.............000 000 0|
|0|.............000 000 0|
|0|.............000 000 0|
|0|.............000 000 0|
|0|.............000 000 0|
|0|.............000 000 0|
