|0|.............194 132 1|
|0|.............000 000 0|
|0|.............000 000 0|
|0|.............202 062 1|
|0|.............000 000 0|
|0|.............000 000 0|
|0|.............202 062 1|
|0|.............000 000 0|
|0|.............000 000 0|
|0|.............174 132 1|
|0|.............000 000 0|
|0|.............000 000 0|
|0|.............160 176 1|
|0|.............000 000 0|
|0|.............000 000 0|
|0|.............070 098 1|
|0|.............000 000 0|
|0|.............000 000 0|
|0|.............154 098 1|
|0|.............000 000 0|
|0|.............000 000 0|
|0|.............202 062 1|
|0|.............000 000 0|
|0|.............000 000 0|
|0|.............076 062 1|
|0|.............000 000 0|
|0|.............000 000 0|
|0|.............070 098 1|
|0|.............000 000 0|
|0|.............000 000 0|
|0|.............242 176 1|
|0|.............000 000 0| * MOON SHOES has been typed *
|0|.............000 000 0|
|0|.............000 000 0|
|0|.............000 000 0|
|0|.............000 000 0|
|0|.............000 000 0|
|0|.............000 000 0|
|0|.............000 000 0|
|0|.............000 000 0|
|0|.............000 000 0|
|0|.............000 000 0|
|0|.............000 000 0|
|0|.............000 000 0|
|0|.............000 000 0|
|0|.............000 000 0|
|0|.............000 000 0|
|0|.............000 000 0|
|0|.............000 000 0|
|0|.............000 000 0|
|0|.............000 000 0|
|0|.............000 000 0|
|0|.............000 000 0|
|0|.............000 000 0|
|0|.............000 000 0|
|0|.............000 000 0|
|0|.............000 000 0|
|0|.............000 000 0|
|0|.............000 000 0|
|0|.............000 000 0|
|0|.............000 000 0|
|0|.............000 000 0|
|0|.............000 000 0|
|0|.............000 000 0|
|0|.............000 000 0|
|0|.............000 000 0|
|0|.............000 000 0|
|0|.............000 000 0|
|0|.............000 000 0|
|0|.............000 000 0|
|0|.............000 000 0|
|0|.............000 000 0|
|0|.............000 000 0|
|0|.............126 079 1|
|0|.............126 079 1|
|0|.............076 136 1|
|0|.............076 136 1|
|0|.............076 136 1|
|0|.............076 136 1|
|0|.............076 136 1|
|0|.............076 136 1|
|0|.............000 000 0|
|0|.............255 136 1|
|0|.............255 136 1|
|0|.............255 136 1|
|0|.............255 136 1|
|0|.............255 136 1|
|0|.............255 136 1|
|0|.............255 136 1|
|0|.............255 136 1|
|0|.............255 136 1|
|0|.............255 136 1|
|0|.............255 136 1|
|0|.............255 136 1|
|0|.............255 136 1|
|0|.............255 136 1|
|0|.............255 136 1|
|0|.............255 136 1|
|0|.............255 136 1|
|0|.............255 136 1|
|0|.............255 136 1|
|0|.............255 136 1|
|0|.............255 136 1|
|0|.............255 136 1|
|0|.............255 136 1|
|0|.............255 136 1|
|0|.............255 136 1|
|0|.............255 136 1|
|0|.............255 136 1|
|0|.............255 136 1|
|0|.............255 136 1|
|0|.............255 136 1|
|0|.............255 136 1|
|0|.............255 136 1|
|0|.............255 136 1|
|0|.............255 136 1|
|0|.............255 136 1|
|0|.............255 136 1|
|0|.............255 136 1|
|0|.............255 136 1|
|0|.............255 136 1|
|0|.............255 136 1|
|0|.............255 136 1|
|0|.............255 136 1|
|0|.............255 136 1|
|0|.............255 136 1|
|0|.............255 136 1|
|0|.............255 136 1|
|0|.............255 136 1|
|0|.............255 136 1|
|0|.............255 136 1|
|0|.............255 136 1|
|0|.............255 136 1|
|0|.............255 136 1|
|0|.............255 136 1|
|0|.............255 136 1|
|0|.............255 136 1|
|0|.............255 136 1|
|0|.............255 136 1|
|0|.............255 136 1|
|0|.............255 136 1|
|0|.............255 136 1|
|0|.............255 136 1|
|0|.............255 136 1|
|0|.............255 136 1|
|0|.............255 136 1|
|0|.............255 136 1|
|0|.............255 136 1|
|0|.............255 136 1|
|0|.............255 136 1|
|0|.............255 136 1|
|0|.............255 136 1|
|0|.............255 136 1|
|0|.............255 136 1|
|0|.............255 136 1|
|0|.............255 136 1|
|0|.............255 136 1|
|0|.............255 136 1|
|0|.............255 136 1|
|0|.............255 136 1|
|0|.............255 136 1|
|0|.............255 136 1|
|0|.............255 136 1|
|0|.............255 136 1|
|0|.............255 136 1|
|0|.............255 136 1|
|0|.............255 136 1|
|0|.............255 136 1|
|0|.............255 136 1|
|0|.............255 136 1|
|0|.............255 136 1|
|0|.............255 136 1|
|0|.............255 136 1|
|0|.............255 136 1|
|0|.............255 136 1|
|0|.............255 136 1|
|0|.............255 136 1|
|0|.............255 136 1|
|0|.............255 136 1|
|0|.............255 136 1|
|0|.............255 136 1|
|0|.............255 136 1|
|0|.............255 136 1|
|0|.............255 136 1|
|0|.............255 136 1|
|0|.............255 136 1|
|0|.............255 136 1|
|0|.............255 136 1|
|0|.............255 136 1|
|0|.............255 136 1|
|0|.............255 136 1|
|0|.............255 136 1|
|0|.............255 136 1|
|0|.............255 136 1|
|0|.............255 136 1|
|0|.............255 136 1|
|0|.............255 136 1|
|0|.............255 136 1|
|0|.............255 136 1|
|0|.............255 136 1|
|0|.............255 136 1|
|0|.............255 136 1|
|0|.............255 136 1|
|0|.............255 136 1|
|0|.............255 136 1|
|0|.............255 136 1|
|0|.............255 136 1|
|0|.............255 136 1|
|0|.............255 136 1|
|0|.............255 136 1|
|0|.............255 136 1|
|0|.............255 136 1|
|0|.............255 136 1|
|0|.............255 136 1|
|0|.............255 136 1|
|0|.............255 136 1|
|0|.............255 136 1|
|0|.............255 136 1|
|0|.............255 136 1|
|0|.............255 136 1|
|0|.............255 136 1|
|0|.............255 136 1|
|0|.............255 136 1|
|0|.............255 136 1|
|0|.............255 136 1|
|0|.............255 136 1|
|0|.............255 136 1|
|0|.............255 136 1|
|0|.............255 136 1|
|0|.............255 136 1|
|0|.............255 136 1|
|0|.............255 136 1|
|0|.............255 136 1|
|0|.............255 136 1|
|0|.............255 136 1|
|0|.............255 136 1|
|0|.............255 136 1|
|0|.............255 136 1|
|0|.............255 136 1|
|0|.............255 136 1|
|0|.............255 136 1|
|0|.............255 136 1|
|0|.............255 136 1|
|0|.............255 136 1|
|0|.............000 000 0|
|0|.............000 000 0|
|0|.............000 000 0|
|0|.............000 000 0|
|0|.............000 000 0|
|0|.............000 000 0|
|0|.............000 000 0|
|0|.............000 000 0|
|0|.............000 000 0|
|0|.............000 000 0|
|0|.............000 000 0|
|0|.............000 000 0|
|0|.............000 000 0|
|0|.............000 000 0|
|0|.............000 000 0|
|0|.............000 000 0|
|0|.............000 000 0|
|0|.............000 000 0|
|0|.............000 000 0|
|0|.............000 000 0|
|0|.............000 000 0|
|0|.............000 000 0|
|0|.............000 000 0|
|0|.............000 000 0|
|0|.............000 000 0|
|0|.............000 000 0|
|0|.............000 000 0|
|0|.............000 000 0|
|0|.............000 000 0|
|0|.............000 000 0|
|0|.............000 000 0|
|0|.............000 000 0|
|0|.............000 000 0|
|0|.............000 000 0|
|0|.............000 000 0|
|0|.............000 000 0|
|0|.............000 000 0|
|0|.............000 000 0|
|0|.............000 000 0|
|0|.............000 000 0|
|0|.............000 000 0|
|0|.............000 000 0|
|0|.............000 000 0|
|0|.............000 000 0|
|0|.............000 000 0|
|0|.............000 000 0|
|0|.............000 000 0|
|0|.............000 000 0|
|0|.............000 000 0|
|0|.............000 000 0|
|0|.............000 000 0|
|0|.............000 000 0|
|0|.............000 000 0|
|0|.............000 000 0|
|0|.............000 000 0|
|0|.............000 000 0|
|0|.............000 000 0|
|0|.............000 000 0|
|0|.............000 000 0|
|0|.............000 000 0|
|0|.............000 000 0|
|0|.............000 000 0|
|0|.............000 000 0|
|0|.............000 000 0|
|0|.............000 000 0|
|0|.............000 000 0|
|0|.............000 000 0|
|0|.............000 000 0|
|0|.............000 000 0|
|0|.............000 000 0|
|0|.............000 000 0|
|0|.............000 000 0|
|0|.............000 000 0|
|0|.............000 000 0|
|0|.............000 000 0|
|0|.............000 000 0|
|0|.............000 000 0|
|0|.............000 000 0|
|0|.............000 000 0|
|0|.............000 000 0|
|0|.............000 000 0|
|0|.............000 000 0|
|0|.............000 000 0|
|0|.............000 000 0|
|0|.............000 000 0|
|0|.............000 000 0|
|0|.............000 000 0|
|0|.............000 000 0|
|0|.............000 000 0|
|0|.............000 000 0|
|0|.............000 000 0|
|0|.............000 000 0|
|0|.............000 000 0|
|0|.............000 000 0|
|0|.............000 000 0|
|0|.............000 000 0|
|0|.............000 000 0|
|0|.............000 000 0|
|0|.............000 000 0|
|0|.............000 000 0|
|0|.............000 000 0|
|0|.............000 000 0|
|0|.............000 000 0|
|0|.............000 000 0|
|0|.............000 000 0|
|0|.............000 000 0|
|0|.............000 000 0|
|0|.............000 000 0|
|0|.............000 000 0|
|0|.............000 000 0|
|0|.............000 000 0|
|0|.............000 000 0|
|0|.............000 000 0|
|0|.............000 000 0|
|0|.............000 000 0|
|0|.............000 000 0|
|0|.............000 000 0|
|0|.............000 000 0|
|0|.............000 000 0|
|0|.............000 000 0|
|0|.............000 000 0|
|0|.............000 000 0|
|0|.............000 000 0|
|0|.............000 000 0|
|0|.............000 000 0|
|0|.............000 000 0|
|0|.............000 000 0|
|0|.............000 000 0|
|0|.............000 000 0|
|0|.............000 000 0|
|0|.............000 000 0|
|0|.............000 000 0|
|0|.............000 000 0|
|0|.............000 000 0|
|0|.............000 000 0|
|0|.............000 000 0|
|0|.............000 000 0|
|0|.............000 000 0|
|0|.............000 000 0|
|0|.............000 000 0|
|0|.............000 000 0|
|0|.............000 000 0|
|0|.............000 000 0|
|0|.............000 000 0|
|0|.............000 000 0|
|0|.............000 000 0|
|0|.............000 000 0|
|0|.............000 000 0|
|0|.............000 000 0|
|0|.............000 000 0|
|0|.............000 000 0|
|0|.............000 000 0|
|0|.............000 000 0|
|0|.............000 000 0|
|0|.............000 000 0|
|0|.............000 000 0|
|0|.............000 000 0|
|0|.............000 000 0|
|0|.............000 000 0|
|0|.............000 000 0|
|0|.............000 000 0|
|0|.............000 000 0|
|0|.............000 000 0|
|0|.............000 000 0|
|0|.............000 000 0|
|0|.............000 000 0|
|0|.............000 000 0|
|0|.............000 000 0|
|0|.............000 000 0|
|0|.............000 000 0|
|0|.............000 000 0|
|0|.............000 000 0|
|0|.............000 000 0|
|0|.............000 000 0|
|0|.............000 000 0|
|0|.............000 000 0|
|0|.............000 000 0|
|0|.............000 000 0|
|0|.............000 000 0|
|0|.............000 000 0|
|0|.............000 000 0|
|0|.............000 000 0|
|0|.............000 000 0|
|0|.............000 000 0|
|0|.............000 000 0|
|0|.............000 000 0|
|0|.............000 000 0|
|0|.............000 000 0|
|0|.............000 000 0|
|0|.............000 000 0|
|0|.............000 000 0|
|0|.............000 000 0|
|0|.............000 000 0|
|0|.............000 000 0|
|0|.............000 000 0|
|0|.............000 000 0|
|0|.............000 000 0|
|0|.............000 000 0|
|0|.............000 000 0|
|0|.............000 000 0|
|0|.............000 000 0|
|0|.............000 000 0|
|0|.............000 000 0|
|0|.............000 000 0|
|0|.............000 000 0|
|0|.............000 000 0|
|0|.............000 000 0|
|0|.............000 000 0|
|0|.............000 000 0|
|0|.............000 000 0|
|0|.............000 000 0|
|0|.............000 000 0|
|0|.............000 000 0|
|0|.............000 000 0|
|0|.............000 000 0|
|0|.............000 000 0|
|0|.............000 000 0|
|0|.............000 000 0|
|0|.............000 000 0|
|0|.............000 000 0|
|0|.............000 000 0|
|0|.............000 000 0|
|0|.............000 000 0|
|0|.............000 000 0|
|0|.............000 000 0|
|0|.............000 000 0|
|0|.............000 000 0|
|0|.............000 000 0|
|0|.............000 000 0|
|0|.............000 000 0|
|0|.............000 000 0|
|0|.............000 000 0|
|0|.............000 000 0|
|0|.............000 000 0|
|0|.............000 000 0|
|0|.............000 000 0|
|0|.............000 000 0|
|0|.............000 000 0|
|0|.............000 000 0|
|0|.............000 000 0|
|0|.............000 000 0|
|0|.............000 000 0|
|0|.............000 000 0|
|0|.............000 000 0|
|0|.............000 000 0|
|0|.............000 000 0|
|0|.............000 000 0|
|0|.............000 000 0|
|0|.............000 000 0|
|0|.............000 000 0|
|0|.............000 000 0|
|0|.............000 000 0|
|0|.............000 000 0|
|0|.............000 000 0|
|0|.............000 000 0|
|0|.............000 000 0|
|0|.............000 000 0|
|0|.............000 000 0|
|0|.............000 000 0|
|0|.............000 000 0|
|0|.............000 000 0|
|0|.............178 120 1|
|0|.............178 120 1| * PRESS OKAY *
|0|.............000 000 0|
|0|.............000 000 0|
|0|.............000 000 0|
|0|.............000 000 0|
|0|.............000 000 0|
|0|.............000 000 0|
|0|.............000 000 0|
|0|.............000 000 0|
|0|.............000 000 0|
|0|.............000 000 0|
|0|.............000 000 0|
|0|.............000 000 0|
|0|.............000 000 0|
|0|.............000 000 0|
|0|.............000 000 0|
|0|.............000 000 0|
|0|.............000 000 0|
|0|.............000 000 0|
|0|.............058 021 1|
|0|.............000 000 0|
|0|.............000 136 1|
|0|.............000 136 1|
|0|.............000 136 1|
|0|.............000 136 1|
|0|.............000 136 1|
|0|.............000 136 1|
|0|.............000 136 1|
|0|.............000 136 1|
|0|.............000 136 1|
|0|.............000 136 1|
|0|.............000 136 1|
|0|.............000 136 1|
|0|.............000 136 1|
|0|.............000 136 1|
|0|.............000 136 1|
|0|.............000 136 1|
|0|.............000 136 1|
|0|.............000 000 0|
|0|.............000 000 0|
|0|.............000 000 0|
|0|.............000 000 0|
|0|.............000 000 0|
|0|.............000 000 0|
|0|.............000 000 0|
|0|.............000 000 0|
|0|.............000 000 0|
|0|.............000 000 0|
|0|.............000 000 0|
|0|.............000 000 0|
|0|.............000 000 0|
|0|.............000 000 0|
|0|.............000 000 0|
|0|.............000 000 0|
|0|.............000 000 0|
|0|.............058 021 1|
|0|.............000 000 0|
|0|.............255 136 1|
|0|.............255 136 1|
|0|.............255 136 1|
|0|.............255 136 1|
|0|.............255 136 1|
|0|.............255 136 1|
|0|.............255 136 1|
|0|.............255 136 1|
|0|.............255 136 1|
|0|.............255 136 1|
|0|.............255 136 1|
|0|.............255 136 1|
|0|.............255 136 1|
|0|.............255 136 1|
|0|.............255 136 1|
|0|.............255 136 1|
|0|.............255 136 1|
|0|.............255 136 1|
|0|.............255 136 1|
|0|.............255 136 1|
|0|.............255 136 1|
|0|.............255 136 1|
|0|.............255 136 1|
|0|.............255 136 1|
|0|.............255 136 1|
|0|.............255 136 1|
|0|.............255 136 1|
|0|.............255 136 1|
|0|.............255 136 1|
|0|.............255 136 1|
|0|.............255 136 1|
|0|.............255 136 1|
|0|.............255 136 1|
|0|.............255 136 1|
|0|.............255 136 1|
|0|.............255 136 1|
|0|.............255 136 1|
|0|.............255 136 1|
|0|.............255 136 1|
|0|.............255 136 1|
|0|.............255 136 1|
|0|.............255 136 1|
|0|.............255 136 1|
|0|.............255 136 1|
|0|.............255 136 1|
|0|.............255 136 1|
|0|.............255 136 1|
|0|.............255 136 1|
|0|.............255 136 1|
|0|.............255 136 1|
|0|.............255 136 1|
|0|.............255 136 1|
|0|.............255 136 1|
|0|.............255 136 1|
|0|.............255 136 1|
|0|.............255 136 1|
|0|.............255 136 1|
|0|.............255 136 1|
|0|.............255 136 1|
|0|.............255 136 1|
|0|.............255 136 1|
|0|.............255 136 1|
|0|.............255 136 1|
|0|.............255 136 1|
|0|.............255 136 1|
|0|.............255 136 1|
|0|.............255 136 1|
|0|.............255 136 1|
|0|.............255 136 1|
|0|.............255 136 1|
|0|.............255 136 1|
|0|.............255 136 1|
|0|.............255 136 1|
|0|.............255 136 1|
|0|.............255 136 1|
|0|.............255 136 1|
|0|.............255 136 1|
|0|.............255 136 1|
|0|.............255 136 1|
|0|.............255 136 1|
|0|.............255 136 1|
|0|.............255 136 1|
|0|.............255 136 1|
|0|.............255 136 1|
|0|.............255 136 1|
|0|.............255 136 1|
|0|.............255 136 1|
|0|.............255 136 1|
|0|.............255 136 1|
|0|.............255 136 1|
|0|.............255 136 1|
|0|.............255 136 1|
|0|.............255 136 1|
|0|.............255 136 1|
|0|.............255 136 1|
|0|.............255 136 1|
|0|.............255 136 1|
|0|.............255 136 1|
|0|.............255 136 1|
|0|.............255 136 1|
|0|.............255 136 1|
|0|.............000 000 0|
|0|.............000 000 0|
|0|.............000 000 0|
|0|.............000 000 0|
|0|.............000 000 0|
|0|.............000 000 0|
|0|.............000 000 0|
|0|.............000 000 0|
|0|.............000 000 0|
|0|.............000 000 0|
|0|.............000 000 0|
|0|.............000 000 0|
|0|.............000 000 0|
|0|.............000 000 0|
|0|.............000 000 0|
|0|.............000 000 0|
|0|.............000 000 0|
|0|.............000 000 0|
|0|.............000 000 0|
|0|.............236 020 1|
|0|.............236 020 1| * Open notebook *
|0|.............000 000 0|
|0|.............000 000 0|
|0|.............000 000 0|
|0|.............000 000 0|
|0|.............000 000 0|
|0|.............000 000 0|
|0|.............000 000 0|
|0|.............000 000 0|
|0|.............000 000 0|
|0|.............000 000 0|
|0|.............000 000 0|
|0|.............000 000 0|
|0|.............000 000 0|
|0|.............000 000 0|
|0|.............000 000 0|
|0|.............000 000 0|
|0|.............000 000 0|
|0|.............000 000 0|
|0|.............000 000 0|
|0|.............000 000 0|
|0|.............000 000 0|
|0|.............000 000 0|
|0|.............000 000 0|
|0|.............000 000 0|
|0|.............000 000 0|
|0|.............000 000 0|
|0|.............000 000 0|
|0|.............000 000 0|
|0|.............000 000 0|
|0|.............000 000 0|
|0|.............000 000 0|
|0|.............000 000 0|
|0|.............000 000 0|
|0|.............000 000 0|
|0|.............000 000 0|
|0|.............000 000 0|
