|0|.............154 098 1|
|0|.............000 000 0|
|0|.............000 000 0|
|0|.............048 098 1|
|0|.............000 000 0|
|0|.............000 000 0|
|0|.............174 132 1|
|0|.............000 000 0|
|0|.............000 000 0|
|0|.............090 098 1|
|0|.............000 000 0|
|0|.............000 000 0|
|0|.............154 098 1|
|0|.............000 000 0|
|0|.............000 000 0|
|0|.............076 062 1|
|0|.............000 000 0|
|0|.............000 000 0|
|0|.............216 098 1|
|0|.............000 000 0|
|0|.............000 000 0|
|0|.............090 098 1|
|0|.............000 000 0|
|0|.............000 000 0|
|0|.............160 176 1|
|0|.............000 000 0|
|0|.............000 000 0|
|0|.............112 098 1|
|0|.............000 000 0|
|0|.............000 000 0|
|0|.............216 098 1|
|0|.............000 000 0|
|0|.............000 000 0|
|0|.............140 062 1|
|0|.............000 000 0|
|0|.............000 000 0|
|0|.............180 062 1|
|0|.............000 000 0|
|0|.............000 000 0|
|0|.............174 132 1|
|0|.............000 000 0|
|0|.............000 000 0|
|0|.............132 098 1|
|0|.............000 000 0|
|0|.............000 000 0|
|0|.............160 176 1|
|0|.............000 000 0|
|0|.............000 000 0|
|0|.............090 098 1|
|0|.............000 000 0|
|0|.............000 000 0|
|0|.............076 062 1|
|0|.............000 000 0|
|0|.............000 000 0|
|0|.............048 098 1|
|0|.............000 000 0|
|0|.............000 000 0|
|0|.............090 098 1|
|0|.............000 000 0|
|0|.............000 000 0|
|0|.............160 176 1|
|0|.............000 000 0|
|0|.............000 000 0|
|0|.............216 098 1|
|0|.............000 000 0|
|0|.............000 000 0|
|0|.............180 062 1|
|0|.............000 000 0|
|0|.............000 000 0|
|0|.............202 062 1|
|0|.............000 000 0|
|0|.............000 000 0|
|0|.............174 132 1|
|0|.............000 000 0|
|0|.............000 000 0|
|0|.............242 176 1|
|0|.............000 000 0| * HANDHELD FLYING DEAD LION has been typed *
|0|.............000 000 0|
|0|.............000 000 0|
|0|.............000 000 0|
|0|.............000 000 0|
|0|.............000 000 0|
|0|.............000 000 0|
|0|.............000 000 0|
|0|.............000 000 0|
|0|.............000 000 0|
|0|.............000 000 0|
|0|.............000 000 0|
|0|.............000 000 0|
|0|.............000 000 0|
|0|.............000 000 0|
|0|.............000 000 0|
|0|.............000 000 0|
|0|.............000 000 0|
|0|.............000 000 0|
|0|.............000 000 0|
|0|.............000 000 0|
|0|.............000 000 0|
|0|.............000 000 0|
|0|.............000 000 0|
|0|.............000 000 0|
|0|.............000 000 0|
|0|.............000 000 0|
|0|.............000 000 0|
|0|.............000 000 0|
|0|.............000 000 0|
|0|.............000 000 0|
|0|.............000 000 0|
|0|.............000 000 0|
|0|.............000 000 0|
|0|.............000 000 0|
|0|.............000 000 0|
|0|.............000 000 0|
|0|.............000 000 0|
|0|.............000 000 0|
|0|.............000 000 0|
|0|.............000 000 0|
|0|.............000 000 0|
|0|.............000 000 0|
|0|.............000 000 0|
|0|.............000 000 0|
|0|.............000 000 0|
|0|.............000 000 0|
|0|.............000 000 0|
|0|.............126 085 1|
|0|.............126 085 1|
|0|.............068 124 1|
|0|.............068 124 1|
|0|.............068 124 1|
|0|.............068 124 1|
|0|.............068 124 1|
|0|.............068 124 1|
|0|.............000 000 0|
|0|.............000 000 0|
|0|.............000 000 0|
|0|.............000 000 0|
|0|.............000 000 0|
|0|.............000 000 0|
|0|.............000 000 0|
|0|.............000 000 0|
|0|.............000 000 0|
|0|.............000 000 0|
|0|.............000 000 0|
|0|.............000 000 0|
|0|.............000 000 0|
|0|.............000 000 0|
|0|.............000 000 0|
|0|.............000 000 0|
|0|.............000 000 0|
|0|.............000 000 0|
|0|.............000 000 0|
|0|.............000 000 0|
|0|.............000 000 0|
|0|.............000 000 0|
|0|.............000 000 0|
|0|.............000 000 0|
|0|.............000 000 0|
|0|.............144 000 1|
|0|.............144 000 1|
|0|.............144 000 1|
|0|.............144 000 1|
|0|.............144 000 1|
|0|.............144 000 1|
|0|.............144 000 1|
|0|.............144 000 1|
|0|.............144 000 1|
|0|.............144 000 1|
|0|.............144 000 1|
|0|.............144 000 1|
|0|.............144 000 1|
|0|.............144 000 1|
|0|.............144 000 1|
|0|.............144 000 1|
|0|.............144 000 1|
|0|.............144 000 1|
|0|.............144 000 1|
|0|.............144 000 1|
|0|.............144 000 1|
|0|.............144 000 1|
|0|.............144 000 1|
|0|.............144 000 1|
|0|.............144 000 1|
|0|.............144 000 1|
|0|.............144 000 1|
|0|.............144 000 1|
|0|.............144 000 1|
|0|.............144 000 1|
|0|.............144 000 1|
|0|.............144 000 1|
|0|.............144 000 1|
|0|.............144 000 1|
|0|.............144 000 1|
|0|.............144 000 1|
|0|.............144 000 1|
|0|.............144 000 1|
|0|.............144 000 1|
|0|.............144 000 1|
|0|.............144 000 1|
|0|.............144 000 1|
|0|.............144 000 1|
|0|.............144 000 1|
|0|.............144 000 1|
|0|.............144 000 1|
|0|.............144 000 1|
|0|.............144 000 1|
|0|.............144 000 1|
|0|.............255 070 1|
|0|.............255 070 1|
|0|.............255 070 1|
|0|.............255 070 1|
|0|.............255 070 1|
|0|.............255 070 1|
|0|.............255 070 1|
|0|.............255 070 1|
|0|.............255 070 1|
|0|.............255 070 1|
|0|.............255 070 1|
|0|.............255 070 1|
|0|.............255 070 1|
|0|.............255 070 1|
|0|.............255 070 1|
|0|.............255 070 1|
|0|.............255 070 1|
|0|.............255 070 1|
|0|.............255 070 1|
|0|.............255 070 1|
|0|.............255 070 1|
|0|.............255 070 1|
|0|.............255 070 1|
|0|.............255 070 1|
|0|.............255 070 1|
|0|.............255 070 1|
|0|.............255 070 1|
|0|.............255 070 1|
|0|.............255 070 1|
|0|.............255 070 1|
|0|.............255 070 1|
|0|.............255 070 1|
|0|.............255 070 1|
|0|.............255 070 1|
|0|.............255 070 1|
|0|.............255 070 1|
|0|.............255 070 1|
|0|.............255 070 1|
|0|.............140 192 1|
|0|.............140 192 1|
|0|.............140 192 1|
|0|.............140 192 1|
|0|.............140 192 1|
|0|.............140 192 1|
|0|.............140 192 1|
|0|.............140 192 1|
|0|.............140 192 1|
|0|.............140 192 1|
|0|.............140 192 1|
|0|.............140 192 1|
|0|.............140 192 1|
|0|.............140 192 1|
|0|.............140 192 1|
|0|.............140 192 1|
|0|.............140 192 1|
|0|.............140 192 1|
|0|.............140 192 1|
|0|.............140 192 1|
|0|.............140 192 1|
|0|.............140 192 1|
|0|.............140 192 1|
|0|.............140 192 1|
|0|.............140 192 1|
|0|.............140 192 1|
|0|.............140 192 1|
|0|.............140 192 1|
|0|.............140 192 1|
|0|.............140 192 1|
|0|.............140 192 1|
|0|.............140 192 1|
|0|.............140 192 1|
|0|.............140 192 1|
|0|.............140 192 1|
|0|.............140 192 1|
|0|.............140 192 1|
|0|.............140 192 1|
|0|.............140 192 1|
|0|.............140 192 1|
|0|.............140 192 1|
|0|.............140 192 1|
|0|.............140 192 1|
|0|.............140 192 1|
|0|.............140 192 1|
|0|.............140 192 1|
|0|.............140 192 1|
|0|.............140 192 1|
|0|.............140 192 1|
|0|.............140 192 1|
|0|.............140 192 1|
|0|.............140 192 1|
|0|.............140 192 1|
|0|.............140 192 1|
|0|.............140 192 1|
|0|.............140 192 1|
|0|.............255 145 1|
|0|.............255 145 1|
|0|.............255 145 1|
|0|.............255 145 1|
|0|.............255 145 1|
|0|.............255 145 1|
|0|.............255 145 1|
|0|.............255 145 1|
|0|.............255 145 1|
|0|.............255 145 1|
|0|.............255 145 1|
|0|.............255 145 1|
|0|.............255 145 1|
|0|.............255 145 1|
|0|.............255 145 1|
|0|.............255 145 1|
|0|.............255 145 1|
|0|.............255 145 1|
|0|.............255 145 1|
|0|.............255 145 1|
|0|.............255 145 1|
|0|.............255 145 1|
|0|.............255 145 1|
|0|.............255 145 1|
|0|.............255 145 1|
|0|.............255 145 1|
|0|.............255 145 1|
|0|.............255 145 1|
|0|.............255 145 1|
|0|.............255 145 1|
|0|.............255 145 1|
|0|.............255 145 1|
|0|.............255 145 1|
|0|.............255 145 1|
|0|.............255 145 1|
|0|.............255 145 1|
|0|.............255 145 1|
|0|.............255 145 1|
|0|.............255 145 1|
|0|.............255 145 1|
|0|.............255 145 1|
|0|.............255 145 1|
|0|.............255 145 1|
|0|.............000 000 0|
|0|.............000 000 0|
|0|.............000 000 0|
|0|.............000 000 0|
|0|.............000 000 0|
|0|.............000 000 0|
|0|.............000 000 0|
|0|.............000 000 0|
|0|.............000 000 0|
|0|.............000 000 0|
|0|.............000 000 0|
|0|.............000 000 0|
|0|.............000 000 0|
|0|.............000 000 0|
|0|.............000 000 0|
|0|.............000 000 0|
|0|.............000 000 0|
|0|.............000 000 0|
|0|.............000 000 0|
|0|.............000 000 0|
|0|.............000 000 0|
|0|.............000 000 0|
|0|.............000 000 0|
|0|.............000 000 0|
|0|.............000 000 0|
|0|.............000 000 0|
|0|.............000 000 0|
|0|.............000 000 0|
|0|.............000 000 0|
|0|.............000 000 0|
|0|.............000 000 0|
|0|.............000 000 0|
|0|.............000 000 0|
|0|.............000 000 0|
|0|.............000 000 0|
|0|.............000 000 0|
|0|.............000 000 0|
|0|.............000 000 0|
|0|.............000 000 0|
|0|.............000 000 0|
|0|.............000 000 0|
|0|.............000 000 0|
|0|.............000 000 0|
|0|.............000 000 0|
|0|.............000 000 0|
|0|.............000 000 0|
|0|.............000 000 0|
|0|.............000 000 0|
|0|.............000 000 0|
|0|.............000 000 0|
|0|.............000 000 0|
|0|.............000 000 0|
|0|.............000 000 0|
|0|.............000 000 0|
|0|.............000 000 0|
|0|.............000 000 0|
|0|.............000 000 0|
|0|.............000 000 0|
|0|.............000 000 0|
|0|.............000 000 0|
|0|.............000 000 0|
|0|.............000 000 0|
|0|.............000 000 0|
|0|.............000 000 0|
|0|.............000 000 0|
|0|.............000 000 0|
|0|.............000 000 0|
|0|.............000 000 0|
|0|.............000 000 0|
|0|.............000 000 0|
|0|.............000 000 0|
|0|.............000 000 0|
|0|.............000 000 0|
|0|.............000 000 0|
|0|.............000 000 0|
|0|.............000 000 0|
|0|.............000 000 0|
|0|.............000 000 0|
|0|.............000 000 0|
|0|.............000 000 0|
|0|.............000 000 0|
|0|.............000 000 0|
|0|.............000 000 0|
|0|.............000 000 0|
|0|.............000 000 0|
|0|.............000 000 0|
|0|.............000 000 0|
|0|.............000 000 0|
|0|.............000 000 0|
|0|.............000 000 0|
|0|.............000 000 0|
|0|.............000 000 0|
|0|.............000 000 0|
|0|.............000 000 0|
|0|.............000 000 0|
|0|.............000 000 0|
|0|.............000 000 0|
|0|.............000 000 0|
|0|.............000 000 0|
|0|.............000 000 0|
|0|.............000 000 0|
|0|.............000 000 0|
|0|.............000 000 0|
|0|.............000 000 0|
|0|.............000 000 0|
|0|.............000 000 0|
|0|.............000 000 0|
|0|.............000 000 0|
|0|.............000 000 0|
|0|.............000 000 0|
|0|.............000 000 0|
|0|.............000 000 0|
|0|.............000 000 0|
|0|.............000 000 0|
|0|.............000 000 0|
|0|.............000 000 0|
|0|.............000 000 0|
|0|.............000 000 0|
|0|.............000 000 0|
|0|.............000 000 0|
|0|.............000 000 0|
|0|.............000 000 0|
|0|.............000 000 0|
|0|.............000 000 0|
|0|.............000 000 0|
|0|.............000 000 0|
|0|.............000 000 0|
|0|.............000 000 0|
|0|.............000 000 0|
|0|.............000 000 0|
|0|.............000 000 0|
|0|.............000 000 0|
|0|.............000 000 0|
|0|.............000 000 0|
|0|.............000 000 0|
|0|.............000 000 0|
|0|.............000 000 0|
|0|.............000 000 0|
|0|.............000 000 0|
|0|.............000 000 0|
|0|.............000 000 0|
|0|.............000 000 0|
|0|.............000 000 0|
|0|.............000 000 0|
|0|.............000 000 0|
|0|.............000 000 0|
|0|.............000 000 0|
|0|.............000 000 0|
|0|.............000 000 0|
|0|.............000 000 0|
|0|.............000 000 0|
|0|.............000 000 0|
|0|.............000 000 0|
|0|.............000 000 0|
|0|.............000 000 0|
|0|.............000 000 0|
|0|.............000 000 0|
|0|.............000 000 0|
|0|.............000 000 0|
|0|.............000 000 0|
|0|.............000 000 0|
|0|.............000 000 0|
|0|.............000 000 0|
|0|.............000 000 0|
|0|.............000 000 0|
|0|.............000 000 0|
|0|.............000 000 0|
|0|.............000 000 0|
|0|.............000 000 0|
|0|.............000 000 0|
|0|.............000 000 0|
|0|.............000 000 0|
|0|.............000 000 0|
|0|.............000 000 0|
|0|.............000 000 0|
|0|.............000 000 0|
|0|.............000 000 0|
|0|.............000 000 0|
|0|.............000 000 0|
|0|.............000 000 0|
|0|.............000 000 0|
|0|.............000 000 0|
|0|.............000 000 0|
|0|.............000 000 0|
|0|.............000 000 0|
|0|.............000 000 0|
|0|.............000 000 0|
|0|.............000 000 0|
|0|.............000 000 0|
|0|.............000 000 0|
|0|.............000 000 0|
|0|.............000 000 0|
|0|.............000 000 0|
|0|.............000 000 0|
|0|.............000 000 0|
|0|.............000 000 0|
|0|.............000 000 0|
|0|.............000 000 0|
|0|.............000 000 0|
|0|.............000 000 0|
|0|.............000 000 0|
|0|.............000 000 0|
|0|.............000 000 0|
|0|.............000 000 0|
|0|.............000 000 0|
|0|.............000 000 0|
|0|.............000 000 0|
|0|.............000 000 0|
|0|.............000 000 0|
|0|.............000 000 0|
|0|.............000 000 0|
|0|.............000 000 0|
|0|.............000 000 0|
|0|.............000 000 0|
|0|.............000 000 0|
|0|.............000 000 0|
|0|.............000 000 0|
|0|.............000 000 0|
|0|.............000 000 0|
|0|.............000 000 0|
|0|.............000 000 0|
|0|.............000 000 0|
|0|.............000 000 0|
|0|.............000 000 0|
|0|.............000 000 0|
|0|.............000 000 0|
|0|.............000 000 0|
|0|.............000 000 0|
|0|.............000 000 0|
|0|.............000 000 0|
|0|.............000 000 0|
|0|.............000 000 0|
|0|.............000 000 0|
|0|.............000 000 0|
|0|.............000 000 0|
|0|.............000 000 0|
|0|.............000 000 0|
|0|.............000 000 0|
|0|.............000 000 0|
|0|.............000 000 0|
|0|.............000 000 0|
|0|.............000 000 0|
|0|.............000 000 0|
|0|.............000 000 0|
|0|.............000 000 0|
|0|.............000 000 0|
|0|.............000 000 0|
|0|.............000 000 0|
|0|.............000 000 0|
|0|.............000 000 0|
|0|.............000 000 0|
|0|.............000 000 0|
|0|.............000 000 0|
|0|.............000 000 0|
|0|.............000 000 0|
|0|.............000 000 0|
|0|.............178 121 1|
|0|.............178 121 1|
|0|.............000 000 0|
|0|.............000 000 0|
|0|.............000 000 0|
|0|.............000 000 0|
|0|.............000 000 0|
|0|.............000 000 0|
|0|.............000 000 0|
|0|.............000 000 0|
|0|.............000 000 0|
|0|.............000 000 0|
|0|.............000 000 0|
|0|.............000 000 0|
|0|.............000 000 0|
|0|.............000 000 0|
|0|.............000 000 0|
|0|.............000 000 0|
|0|.............000 000 0|
|0|.............000 000 0|
|0|.............060 019 1|
|0|.............000 000 0|
|0|.............255 136 1|
|0|.............255 136 1|
|0|.............255 136 1|
|0|.............255 136 1|
|0|.............255 136 1|
|0|.............255 136 1|
|0|.............255 136 1|
|0|.............255 136 1|
|0|.............255 136 1|
|0|.............255 136 1|
|0|.............255 136 1|
|0|.............255 136 1|
|0|.............255 136 1|
|0|.............255 136 1|
|0|.............255 136 1|
|0|.............255 136 1|
|0|.............255 136 1|
|0|.............255 136 1|
|0|.............255 136 1|
|0|.............255 136 1|
|0|.............255 136 1|
|0|.............255 136 1|
|0|.............255 136 1|
|0|.............255 136 1|
|0|.............255 136 1|
|0|.............255 136 1|
|0|.............255 136 1|
|0|.............255 136 1|
|0|.............255 136 1|
|0|.............255 136 1|
|0|.............255 136 1|
|0|.............255 136 1|
|0|.............255 136 1|
|0|.............255 136 1|
|0|.............255 136 1|
|0|.............255 136 1|
|0|.............255 136 1|
|0|.............255 136 1|
|0|.............255 136 1|
|0|.............255 136 1|
|0|.............255 136 1|
|0|.............255 136 1|
|0|.............255 136 1|
|0|.............255 136 1|
|0|.............255 136 1|
|0|.............255 136 1|
|0|.............255 136 1|
|0|.............255 136 1|
|0|.............255 136 1|
|0|.............255 136 1|
|0|.............255 136 1|
|0|.............255 136 1|
|0|.............255 136 1|
|0|.............255 136 1|
|0|.............255 136 1|
|0|.............255 136 1|
|0|.............255 136 1|
|0|.............255 136 1|
|0|.............255 136 1|
|0|.............255 136 1|
|0|.............255 136 1|
|0|.............255 136 1|
|0|.............255 136 1|
|0|.............255 136 1|
|0|.............255 136 1|
|0|.............255 136 1|
|0|.............255 136 1|
|0|.............255 136 1|
|0|.............255 136 1|
|0|.............255 136 1|
|0|.............255 136 1|
|0|.............255 136 1|
|0|.............255 136 1|
|0|.............255 136 1|
|0|.............255 136 1|
|0|.............255 136 1|
|0|.............255 136 1|
|0|.............255 136 1|
|0|.............255 136 1|
|0|.............255 136 1|
|0|.............255 136 1|
|0|.............255 136 1|
|0|.............255 136 1|
|0|.............255 136 1|
|0|.............255 136 1|
|0|.............255 136 1|
|0|.............255 136 1|
|0|.............255 136 1|
|0|.............255 136 1|
|0|.............255 136 1|
|0|.............255 136 1|
|0|.............255 136 1|
|0|.............255 136 1|
|0|.............255 136 1|
|0|.............255 136 1|
|0|.............255 136 1|
|0|.............255 136 1|
|0|.............255 136 1|
|0|.............255 136 1|
|0|.............000 136 1|
|0|.............000 000 0|
|0|.............000 000 0|
|0|.............000 000 0|
|0|.............000 000 0|
|0|.............000 000 0|
|0|.............000 000 0|
|0|.............000 000 0|
|0|.............000 000 0|
|0|.............000 000 0|
|0|.............000 000 0|
|0|.............000 000 0|
|0|.............000 000 0|
|0|.............238 020 1|
|0|.............238 020 1| * Open notebook *
|0|.............000 000 0|
|0|.............000 000 0|
|0|.............000 000 0|
|0|.............000 000 0|
|0|.............000 000 0|
|0|.............000 000 0|
|0|.............000 000 0|
|0|.............000 000 0|
|0|.............000 000 0|
|0|.............000 000 0|
|0|.............000 000 0|
|0|.............000 000 0|
|0|.............000 000 0|
|0|.............000 000 0|
|0|.............000 000 0|
|0|.............000 000 0|
|0|.............000 000 0|
|0|.............000 000 0|
|0|.............000 000 0|
|0|.............000 000 0|
|0|.............000 000 0|
|0|.............000 000 0|
|0|.............000 000 0|
|0|.............000 000 0|
|0|.............000 000 0|
|0|.............000 000 0|
|0|.............000 000 0|
|0|.............000 000 0|
|0|.............000 000 0|
|0|.............000 000 0|
|0|.............000 000 0|
|0|.............000 000 0|
|0|.............000 000 0|
|0|.............000 000 0|
|0|.............000 000 0|
|0|.............000 000 0|
