|0|.............118 062 1|
|0|.............000 000 0|
|0|.............000 000 0|
|0|.............202 063 1|
|0|.............000 000 0|
|0|.............000 000 0|
|0|.............054 063 1|
|0|.............000 000 0|
|0|.............000 000 0|
|0|.............158 178 1|
|0|.............000 000 0|
|0|.............000 000 0|
|0|.............118 064 1|
|0|.............000 000 0|
|0|.............000 000 0|
|0|.............096 063 1|
|0|.............000 000 0|
|0|.............000 000 0|
|0|.............160 063 1|
|0|.............000 000 0|
|0|.............000 000 0|
|0|.............110 132 1|
|0|.............000 000 0|
|0|.............000 000 0|
|0|.............194 097 1|
|0|.............000 000 0|
|0|.............000 000 0|
|0|.............242 177 1| * TOW TRUCK has been typed *
|0|.............000 000 0|
|0|.............000 000 0|
|0|.............000 000 0|
|0|.............000 000 0|
|0|.............000 000 0|
|0|.............000 000 0|
|0|.............000 000 0|
|0|.............000 000 0|
|0|.............000 000 0|
|0|.............000 000 0|
|0|.............000 000 0|
|0|.............000 000 0|
|0|.............000 000 0|
|0|.............000 000 0|
|0|.............000 000 0|
|0|.............000 000 0|
|0|.............000 000 0|
|0|.............000 000 0|
|0|.............000 000 0|
|0|.............000 000 0|
|0|.............000 000 0|
|0|.............000 000 0|
|0|.............000 000 0|
|0|.............000 000 0|
|0|.............000 000 0|
|0|.............000 000 0|
|0|.............000 000 0|
|0|.............000 000 0|
|0|.............000 000 0|
|0|.............000 000 0|
|0|.............000 000 0|
|0|.............000 000 0|
|0|.............000 000 0|
|0|.............000 000 0|
|0|.............000 000 0|
|0|.............000 000 0|
|0|.............000 000 0|
|0|.............000 000 0|
|0|.............000 000 0|
|0|.............000 000 0|
|0|.............000 000 0|
|0|.............000 000 0|
|0|.............000 000 0|
|0|.............000 000 0|
|0|.............000 000 0|
|0|.............000 000 0|
|0|.............000 000 0|
|0|.............000 000 0|
|0|.............000 000 0|
|0|.............000 000 0|
|0|.............000 000 0|
|0|.............000 000 0|
|0|.............000 000 0|
|0|.............130 092 1|
|0|.............130 092 1|
|0|.............216 079 1|
|0|.............216 079 1|
|0|.............216 079 1|
|0|.............216 079 1|
|0|.............216 079 1|
|0|.............216 079 1|
|0|.............216 079 1|
|0|.............216 079 1|
|0|.............216 079 1|
|0|.............216 079 1|
|0|.............000 000 0|
|0|.............000 000 0|
|0|.............000 000 0|
|0|.............000 000 0|
|0|.............000 000 0|
|0|.............000 000 0|
|0|.............000 000 0|
|0|.............000 000 0|
|0|.............000 000 0|
|0|.............000 000 0|
|0|.............000 000 0|
|0|.............000 000 0|
|0|.............000 000 0|
|0|.............000 000 0|
|0|.............000 000 0|
|0|.............000 000 0|
|0|.............000 000 0|
|0|.............000 000 0|
|0|.............000 000 0|
|0|.............000 000 0|
|0|.............000 000 0|
|0|.............000 000 0|
|0|.............000 000 0|
|0|.............000 000 0|
|0|.............000 000 0|
|0|.............000 000 0|
|0|.............000 000 0|
|0|.............000 000 0|
|0|.............000 000 0|
|0|.............000 000 0|
|0|.............000 000 0|
|0|.............000 000 0|
|0|.............000 000 0|
|0|.............000 000 0|
|0|.............000 000 0|
|0|.............000 000 0|
|0|.............000 000 0|
|0|.............000 000 0|
|0|.............000 000 0|
|0|.............000 000 0|
|0|.............000 000 0|
|0|.............000 000 0|
|0|.............000 000 0|
|0|.............000 000 0|
|0|.............000 000 0|
|0|.............000 000 0|
|0|.............000 000 0|
|0|.............000 000 0|
|0|.............000 000 0|
|0|.............000 000 0|
|0|.............000 000 0|
|0|.............000 000 0|
|0|.............000 000 0|
|0|.............000 000 0|
|0|.............000 000 0|
|0|.............000 000 0|
|0|.............000 000 0|
|0|.............000 000 0|
|0|.............000 000 0|
|0|.............000 000 0|
|0|.............000 000 0|
|0|.............000 000 0|
|0|.............000 000 0|
|0|.............000 000 0|
|0|.............000 000 0|
|0|.............000 000 0|
|0|.............000 000 0|
|0|.............000 000 0|
|0|.............000 000 0|
|0|.............000 000 0|
|0|.............000 000 0|
|0|.............000 000 0|
|0|.............000 000 0|
|0|.............000 000 0|
|0|.............106 138 1|
|0|.............106 138 1|
|0|.............030 089 1|
|0|.............030 089 1|
|0|.............030 089 1|
|0|.............030 089 1|
|0|.............030 089 1|
|0|.............030 089 1|
|0|.............030 089 1|
|0|.............030 089 1|
|0|.............030 089 1|
|0|.............030 089 1|
|0|.............000 000 0|
|0|.............000 000 0|
|0|.............000 000 0|
|0|.............000 000 0|
|0|.............000 000 0|
|0|.............000 000 0|
|0|.............000 000 0|
|0|.............000 000 0|
|0|.............000 000 0|
|0|.............000 000 0|
|0|.............000 000 0|
|0|.............000 000 0|
|0|.............000 000 0|
|0|.............000 000 0|
|0|.............000 000 0|
|0|.............000 000 0|
|0|.............000 000 0|
|0|.............000 000 0|
|0|.............000 000 0|
|0|.............000 000 0|
|0|.............000 000 0|
|0|.............000 000 0|
|0|.............000 000 0|
|0|.............000 000 0|
|0|.............000 000 0|
|0|.............000 000 0|
|0|.............000 000 0|
|0|.............000 000 0|
|0|.............000 000 0|
|0|.............000 000 0|
|0|.............000 000 0|
|0|.............000 000 0|
|0|.............000 000 0|
|0|.............000 000 0|
|0|.............000 000 0|
|0|.............000 000 0|
|0|.............000 000 0|
|0|.............000 000 0|
|0|.............000 000 0|
|0|.............000 000 0|
|0|.............000 000 0|
|0|.............000 000 0|
|0|.............000 000 0|
|0|.............000 000 0|
|0|.............000 000 0|
|0|.............000 000 0|
|0|.............000 000 0|
|0|.............000 000 0|
|0|.............000 000 0|
|0|.............000 000 0|
|0|.............000 000 0|
|0|.............000 000 0|
|0|.............000 000 0|
|0|.............000 000 0|
|0|.............000 000 0|
|0|.............000 000 0|
|0|.............000 000 0|
|0|.............000 000 0|
|0|.............000 000 0|
|0|.............000 000 0|
|0|.............000 000 0|
|0|.............000 000 0|
|0|.............000 000 0|
|0|.............000 000 0|
|0|.............000 000 0|
|0|.............000 000 0|
|0|.............000 000 0|
|0|.............000 000 0|
|0|.............000 000 0|
|0|.............000 000 0|
|0|.............000 000 0|
|0|.............000 000 0|
|0|.............000 000 0|
|0|.............000 000 0|
|0|.............000 000 0|
|0|.............000 000 0|
|0|.............000 000 0|
|0|.............000 000 0|
|0|.............000 000 0|
|0|.............000 000 0|
|0|.............000 000 0|
|0|.............000 000 0|
|0|.............000 000 0|
|0|.............000 000 0|
|0|.............000 000 0|
|0|.............000 000 0|
|0|.............000 000 0|
|0|.............000 000 0|
|0|.............000 000 0|
|0|.............000 000 0|
|0|.............000 000 0|
|0|.............000 000 0|
|0|.............000 000 0|
|0|.............000 000 0|
|0|.............000 000 0|
|0|.............000 000 0|
|0|.............000 000 0|
|0|.............000 000 0|
|0|.............000 000 0|
|0|.............000 000 0|
|0|.............000 000 0|
|0|.............000 000 0|
|0|.............000 000 0|
|0|.............000 000 0|
|0|.............000 000 0|
|0|.............000 000 0|
|0|.............000 000 0|
|0|.............000 000 0|
|0|.............000 000 0|
|0|.............000 000 0|
|0|.............000 000 0|
|0|.............000 000 0|
|0|.............000 000 0|
|0|.............000 000 0|
|0|.............000 000 0|
|0|.............000 000 0|
|0|.............000 000 0|
|0|.............000 000 0|
|0|.............000 000 0|
|0|.............000 000 0|
|0|.............000 000 0|
|0|.............000 000 0|
|0|.............000 000 0|
|0|.............000 000 0|
|0|.............000 000 0|
|0|.............000 000 0|
|0|.............000 000 0|
|0|.............000 000 0|
|0|.............000 000 0|
|0|.............000 000 0|
|0|.............000 000 0|
|0|.............000 000 0|
|0|.............000 000 0|
|0|.............000 000 0|
|0|.............000 000 0|
|0|.............000 000 0|
|0|.............000 000 0|
|0|.............000 000 0|
|0|.............000 000 0|
|0|.............000 000 0|
|0|.............000 000 0|
|0|.............000 000 0|
|0|.............000 000 0|
|0|.............000 000 0|
|0|.............000 000 0|
|0|.............000 000 0|
|0|.............000 000 0|
|0|.............000 000 0|
|0|.............000 000 0|
|0|.............000 000 0|
|0|.............000 000 0|
|0|.............000 000 0|
|0|.............000 000 0|
|0|.............000 000 0|
|0|.............000 000 0|
|0|.............000 000 0|
|0|.............000 000 0|
|0|.............000 000 0|
|0|.............000 000 0|
|0|.............000 000 0|
|0|.............000 000 0|
|0|.............000 000 0|
|0|.............000 000 0|
|0|.............000 000 0|
|0|.............000 000 0|
|0|.............000 000 0|
|0|.............000 000 0|
|0|.............000 000 0|
|0|.............000 000 0|
|0|.............000 000 0|
|0|.............000 000 0|
|0|.............000 000 0|
|0|.............000 000 0|
|0|.............000 000 0|
|0|.............000 000 0|
|0|.............000 000 0|
|0|.............000 000 0|
|0|.............000 000 0|
|0|.............000 000 0|
|0|.............000 000 0|
|0|.............118 128 1|
|0|.............118 128 1|
|0|.............000 000 0|
|0|.............000 000 0|
|0|.............000 000 0|
|0|.............000 000 0|
|0|.............000 000 0|
|0|.............000 000 0|
|0|.............000 000 0|
|0|.............126 034 1|
|0|.............126 034 1|
|0|.............000 000 0|
|0|.............000 000 0|
|0|.............000 000 0|
|0|.............000 000 0|
|0|.............000 000 0|
|0|.............000 000 0|
|0|.............000 000 0|
|0|.............000 055 1|
|0|.............000 055 1|
|0|.............000 055 1|
|0|.............000 055 1|
|0|.............000 055 1|
|0|.............000 055 1|
|0|.............000 055 1|
|0|.............000 055 1|
|0|.............000 055 1|
|0|.............000 055 1|
|0|.............000 055 1|
|0|.............000 055 1|
|0|.............000 055 1|
|0|.............000 055 1|
|0|.............000 055 1|
|0|.............000 055 1|
|0|.............000 000 0|
|0|.............000 000 0|
|0|.............000 000 0|
|0|.............000 000 0|
|0|.............000 000 0|
|0|.............000 000 0|
|0|.............000 000 0|
|0|.............000 000 0|
|0|.............000 000 0|
|0|.............000 000 0|
|0|.............000 000 0|
|0|.............000 000 0|
|0|.............000 000 0|
|0|.............000 000 0|
|0|.............000 000 0|
|0|.............000 000 0|
|0|.............000 000 0|
|0|.............000 000 0|
|0|.............000 000 0|
|0|.............000 000 0|
|0|.............000 000 0|
|0|.............000 000 0|
|0|.............000 000 0|
|0|.............000 000 0|
|0|.............000 000 0|
|0|.............000 000 0|
|0|.............000 000 0|
|0|.............000 000 0|
|0|.............000 000 0|
|0|.............000 000 0|
|0|.............000 000 0|
|0|.............000 000 0|
|0|.............000 000 0|
|0|.............000 000 0|
|0|.............000 000 0|
|0|.............000 000 0|
|0|.............000 000 0|
|0|.............000 000 0|
|0|.............000 000 0|
|0|.............000 000 0|
|0|.............000 000 0|
|0|.............000 000 0|
|0|.............000 000 0|
|0|.............000 000 0|
|0|.............000 000 0|
|0|.............000 000 0|
|0|.............000 000 0|
|0|.............000 000 0|
|0|.............000 000 0|
|0|.............000 000 0|
|0|.............000 000 0|
|0|.............000 000 0|
|0|.............000 000 0|
|0|.............000 000 0|
|0|.............000 000 0|
|0|.............000 000 0|
|0|.............000 000 0|
|0|.............000 000 0|
|0|.............000 000 0|
|0|.............000 000 0|
|0|.............000 000 0|
|0|.............000 000 0|
|0|.............000 000 0|
|0|.............000 000 0|
|0|.............000 000 0|
|0|.............000 000 0|
|0|.............000 000 0|
|0|.............000 000 0|
|0|.............000 000 0|
|0|.............000 000 0|
|0|.............000 000 0|
|0|.............000 000 0|
|0|.............000 000 0|
|0|.............000 000 0|
|0|.............000 000 0|
|0|.............072 114 1|
|0|.............072 114 1|
|0|.............068 153 1|
|0|.............068 153 1|
|0|.............068 153 1|
|0|.............068 153 1|
|0|.............068 153 1|
|0|.............068 153 1|
|0|.............068 153 1|
|0|.............068 153 1|
|0|.............068 153 1|
|0|.............068 153 1|
|0|.............000 000 0|
|0|.............000 000 0|
|0|.............000 000 0|
|0|.............000 000 0|
|0|.............146 124 1|
|0|.............146 124 1|
|0|.............238 021 1|
|0|.............238 021 1|
|0|.............238 021 1|
|0|.............238 021 1|
|0|.............238 021 1|
|0|.............238 021 1|
|0|.............000 000 0|
|0|.............066 147 1|
|0|.............066 147 1|
|0|.............000 000 0|
|0|.............000 000 0|
|0|.............000 000 0|
|0|.............000 000 0|
|0|.............000 000 0|
|0|.............000 000 0|
|0|.............000 000 0|
|0|.............000 000 0|
|0|.............000 000 0|
|0|.............000 000 0|
|0|.............000 000 0|
|0|.............000 000 0|
|0|.............000 000 0|
|0|.............000 000 0|
|0|.............000 000 0|
|0|.............000 000 0|
|0|.............000 000 0|
|0|.............000 000 0|
|0|.............000 000 0|
|0|.............000 000 0|
|0|.............000 000 0|
|0|.............000 000 0|
|0|.............000 000 0|
|0|.............000 000 0|
|0|.............000 000 0|
|0|.............000 000 0|
|0|.............000 000 0|
|0|.............000 000 0|
|0|.............000 000 0|
|0|.............000 000 0|
|0|.............066 145 1|
|0|.............066 145 1|
|0|.............086 117 1|
|0|.............086 117 1|
|0|.............086 117 1|
|0|.............086 117 1|
|0|.............086 117 1|
|0|.............086 117 1|
|0|.............086 117 1|
|0|.............086 117 1|
|0|.............086 117 1|
|0|.............086 117 1|
|0|.............000 000 0|
|0|.............000 000 0|
|0|.............000 000 0|
|0|.............000 000 0|
|0|.............000 000 0|
|0|.............000 000 0|
|0|.............182 079 1|
|0|.............182 079 1|
|0|.............000 000 0|
|0|.............000 000 0|
|0|.............255 137 1|
|0|.............255 137 1|
|0|.............255 137 1|
|0|.............255 137 1|
|0|.............255 137 1|
|0|.............255 137 1|
|0|.............255 137 1|
|0|.............255 137 1|
|0|.............255 137 1|
|0|.............255 137 1|
|0|.............255 137 1|
|0|.............255 137 1|
|0|.............255 137 1|
|0|.............255 137 1|
|0|.............255 137 1|
|0|.............255 137 1|
|0|.............255 137 1|
|0|.............255 137 1|
|0|.............255 137 1|
|0|.............255 137 1|
|0|.............255 137 1|
|0|.............255 137 1|
|0|.............255 137 1|
|0|.............255 137 1|
|0|.............255 137 1|
|0|.............255 137 1|
|0|.............255 137 1|
|0|.............255 137 1|
|0|.............255 137 1|
|0|.............255 137 1|
|0|.............255 137 1|
|0|.............255 137 1|
|0|.............255 137 1|
|0|.............255 137 1|
|0|.............255 137 1|
|0|.............255 137 1|
|0|.............255 137 1|
|0|.............255 137 1|
|0|.............255 137 1|
|0|.............255 137 1|
|0|.............255 137 1|
|0|.............255 137 1|
|0|.............255 137 1|
|0|.............255 137 1|
|0|.............255 137 1|
|0|.............255 137 1|
|0|.............255 137 1|
|0|.............255 137 1|
|0|.............255 137 1|
|0|.............255 137 1|
|0|.............255 137 1|
|0|.............255 137 1|
|0|.............255 137 1|
|0|.............255 137 1|
|0|.............255 137 1|
|0|.............255 137 1|
|0|.............255 137 1|
|0|.............255 137 1|
|0|.............255 137 1|
|0|.............255 137 1|
|0|.............255 137 1|
|0|.............255 137 1|
|0|.............255 137 1|
|0|.............255 137 1|
|0|.............255 137 1|
|0|.............255 137 1|
|0|.............255 137 1|
|0|.............255 137 1|
|0|.............255 137 1|
|0|.............255 137 1|
|0|.............255 137 1|
|0|.............255 137 1|
|0|.............255 137 1|
|0|.............255 137 1|
|0|.............255 137 1|
|0|.............255 137 1|
|0|.............255 137 1|
|0|.............255 137 1|
|0|.............255 137 1|
|0|.............255 137 1|
|0|.............255 137 1|
|0|.............255 137 1|
|0|.............255 137 1|
|0|.............255 137 1|
|0|.............255 137 1|
|0|.............255 137 1|
|0|.............255 137 1|
|0|.............255 137 1|
|0|.............255 137 1|
|0|.............255 137 1|
|0|.............255 137 1|
|0|.............255 137 1|
|0|.............255 137 1|
|0|.............255 137 1|
|0|.............255 137 1|
|0|.............255 137 1|
|0|.............255 137 1|
|0|.............255 137 1|
|0|.............255 137 1|
|0|.............255 137 1|
|0|.............255 137 1|
|0|.............255 137 1|
|0|.............255 137 1|
|0|.............255 137 1|
|0|.............255 137 1|
|0|.............255 137 1|
|0|.............255 137 1|
|0|.............255 137 1|
|0|.............255 137 1|
|0|.............255 137 1|
|0|.............255 137 1|
|0|.............255 137 1|
|0|.............255 137 1|
|0|.............255 137 1|
|0|.............255 137 1|
|0|.............255 137 1|
|0|.............255 137 1|
|0|.............255 137 1|
|0|.............255 137 1|
|0|.............255 137 1|
|0|.............255 137 1|
|0|.............255 137 1|
|0|.............255 137 1|
|0|.............255 137 1|
|0|.............255 137 1|
|0|.............255 137 1|
|0|.............255 137 1|
|0|.............255 137 1|
|0|.............255 137 1|
|0|.............255 137 1|
|0|.............255 137 1|
|0|.............255 137 1|
|0|.............255 137 1|
|0|.............255 137 1|
|0|.............255 137 1|
|0|.............255 137 1|
|0|.............255 137 1|
|0|.............255 137 1|
|0|.............255 137 1|
|0|.............255 137 1|
|0|.............255 137 1|
|0|.............255 137 1|
|0|.............255 137 1|
|0|.............255 137 1|
|0|.............255 137 1|
|0|.............255 137 1|
|0|.............255 137 1|
|0|.............255 137 1|
|0|.............255 137 1|
|0|.............255 137 1|
|0|.............255 137 1|
|0|.............255 137 1|
|0|.............255 137 1|
|0|.............255 137 1|
|0|.............255 137 1|
|0|.............255 137 1|
|0|.............255 137 1|
|0|.............255 137 1|
|0|.............255 137 1|
|0|.............255 137 1|
|0|.............255 137 1|
|0|.............255 137 1|
|0|.............255 137 1|
|0|.............255 137 1|
|0|.............255 137 1|
|0|.............255 137 1|
|0|.............255 137 1|
|0|.............255 137 1|
|0|.............255 137 1|
|0|.............255 137 1|
|0|.............255 137 1|
|0|.............255 137 1|
|0|.............255 137 1|
|0|.............255 137 1|
|0|.............255 137 1|
|0|.............255 137 1|
|0|.............255 137 1|
|0|.............255 137 1|
|0|.............255 137 1|
|0|.............255 137 1|
|0|.............255 137 1|
|0|.............255 137 1|
|0|.............255 137 1|
|0|.............255 137 1|
|0|.............255 137 1|
|0|.............255 137 1|
|0|.............255 137 1|
|0|.............255 137 1|
|0|.............255 137 1|
|0|.............255 137 1|
|0|.............255 137 1|
|0|.............255 137 1|
|0|.............255 137 1|
|0|.............255 137 1|
|0|.............255 137 1|
|0|.............255 137 1|
|0|.............255 137 1|
|0|.............255 137 1|
|0|.............255 137 1|
|0|.............255 137 1|
|0|.............255 137 1|
|0|.............255 137 1|
|0|.............255 137 1|
|0|.............255 137 1|
|0|.............255 137 1|
|0|.............255 137 1|
|0|.............255 137 1|
|0|.............255 137 1|
|0|.............255 137 1|
|0|.............255 137 1|
|0|.............255 137 1|
|0|.............255 137 1|
|0|.............255 137 1|
|0|.............255 137 1|
|0|.............255 137 1|
|0|.............255 137 1|
|0|.............255 137 1|
|0|.............255 137 1|
|0|.............255 137 1|
|0|.............255 137 1|
|0|.............255 137 1|
|0|.............255 137 1|
|0|.............255 137 1|
|0|.............255 137 1|
|0|.............255 137 1|
|0|.............255 137 1|
|0|.............255 137 1|
|0|.............255 137 1|
|0|.............255 137 1|
|0|.............255 137 1|
|0|.............255 137 1|
|0|.............255 137 1|
|0|.............255 137 1|
|0|.............255 137 1|
|0|.............255 137 1|
|0|.............255 137 1|
|0|.............255 137 1|
|0|.............255 137 1|
|0|.............255 137 1|
|0|.............255 137 1|
|0|.............255 137 1|
|0|.............255 137 1|
|0|.............255 137 1|
|0|.............255 137 1|
|0|.............255 137 1|
|0|.............255 137 1|
|0|.............255 137 1|
|0|.............255 137 1|
|0|.............255 137 1|
|0|.............255 137 1|
|0|.............255 137 1|
|0|.............255 137 1|
|0|.............255 137 1|
|0|.............255 137 1|
|0|.............255 137 1|
|0|.............255 137 1|
|0|.............255 137 1|
|0|.............255 137 1|
|0|.............255 137 1|
|0|.............255 137 1|
|0|.............255 137 1|
|0|.............255 137 1|
|0|.............255 137 1|
|0|.............255 137 1|
|0|.............255 137 1|
|0|.............255 137 1|
|0|.............255 137 1|
|0|.............255 137 1|
|0|.............255 137 1|
|0|.............255 137 1|
|0|.............255 137 1|
|0|.............255 137 1|
|0|.............255 137 1|
|0|.............255 137 1|
|0|.............255 137 1|
|0|.............255 137 1|
|0|.............255 137 1|
|0|.............255 137 1|
|0|.............255 137 1|
|0|.............255 137 1|
|0|.............255 137 1|
|0|.............255 137 1|
|0|.............255 137 1|
|0|.............255 137 1|
|0|.............255 137 1|
|0|.............255 137 1|
|0|.............255 137 1|
|0|.............255 137 1|
|0|.............255 137 1|
|0|.............255 137 1|
|0|.............255 137 1|
|0|.............255 137 1|
|0|.............255 137 1|
|0|.............255 137 1|
|0|.............255 137 1|
|0|.............255 137 1|
|0|.............255 137 1|
|0|.............255 137 1|
|0|.............255 137 1|
|0|.............255 137 1|
|0|.............255 137 1|
|0|.............255 137 1|
|0|.............255 137 1|
|0|.............255 137 1|
|0|.............255 137 1|
|0|.............255 137 1|
|0|.............255 137 1|
|0|.............255 137 1|
|0|.............255 137 1|
|0|.............000 000 0|
|0|.............000 000 0|
|0|.............000 000 0|
|0|.............000 000 0|
|0|.............000 000 0|
|0|.............000 000 0|
|0|.............000 000 0|
|0|.............000 000 0|
|0|.............000 000 0|
|0|.............000 000 0|
|0|.............000 000 0|
|0|.............000 000 0|
|0|.............000 000 0|
|0|.............000 000 0|
|0|.............000 000 0|
|0|.............000 000 0|
|0|.............000 000 0|
|0|.............000 000 0|
|0|.............000 000 0|
|0|.............000 000 0|
|0|.............000 000 0|
|0|.............000 000 0|
|0|.............000 000 0|
|0|.............000 000 0|
|0|.............000 000 0|
|0|.............000 000 0|
|0|.............000 000 0|
|0|.............000 000 0|
|0|.............000 000 0|
|0|.............000 000 0|
|0|.............000 000 0|
|0|.............000 000 0|
|0|.............000 000 0|
|0|.............000 000 0|
|0|.............000 000 0|
|0|.............000 000 0|
|0|.............000 000 0|
|0|.............000 000 0|
|0|.............000 000 0|
|0|.............000 000 0|
|0|.............000 000 0|
|0|.............000 000 0|
|0|.............000 000 0|
|0|.............000 000 0|
|0|.............000 000 0|
|0|.............000 000 0|
|0|.............000 000 0|
|0|.............000 000 0|
|0|.............000 000 0|
|0|.............000 000 0|
|0|.............000 000 0|
|0|.............000 000 0|
|0|.............000 000 0|
|0|.............000 000 0|
|0|.............000 000 0|
|0|.............000 000 0|
|0|.............000 000 0|
|0|.............000 000 0|
|0|.............000 000 0|
|0|.............000 000 0|
|0|.............000 000 0|
|0|.............000 000 0|
|0|.............000 000 0|
|0|.............000 000 0|
|0|.............000 000 0|
|0|.............000 000 0|
|0|.............000 000 0|
|0|.............000 000 0|
|0|.............000 000 0|
|0|.............000 000 0|
|0|.............000 000 0|
|0|.............000 000 0|
|0|.............000 000 0|
|0|.............000 000 0|
|0|.............000 000 0|
|0|.............000 000 0|
|0|.............000 000 0|
|0|.............000 000 0|
|0|.............000 000 0|
|0|.............000 000 0|
|0|.............000 000 0|
|0|.............000 000 0|
|0|.............000 000 0|
|0|.............000 000 0|
|0|.............000 000 0|
|0|.............000 000 0|
|0|.............000 000 0|
|0|.............000 000 0|
|0|.............000 000 0|
|0|.............000 000 0|
|0|.............000 000 0|
|0|.............000 000 0|
|0|.............000 000 0|
|0|.............000 000 0|
|0|.............000 000 0|
|0|.............000 000 0|
|0|.............000 000 0|
|0|.............000 000 0|
|0|.............000 000 0|
|0|.............000 000 0|
|0|.............000 000 0|
|0|.............000 000 0|
|0|.............000 000 0|
|0|.............000 000 0|
|0|.............000 000 0|
|0|.............000 000 0|
|0|.............000 000 0|
|0|.............000 000 0|
|0|.............000 000 0|
|0|.............000 000 0|
|0|.............000 000 0|
|0|.............000 000 0|
|0|.............000 000 0|
|0|.............000 000 0|
|0|.............000 000 0|
|0|.............000 000 0|
|0|.............000 000 0|
|0|.............000 000 0|
|0|.............000 000 0|
|0|.............000 000 0|
|0|.............000 000 0|
|0|.............000 000 0|
|0|.............000 000 0|
|0|.............000 000 0|
|0|.............000 000 0|
|0|.............000 000 0|
|0|.............000 000 0|
|0|.............000 000 0|
|0|.............162 124 1|
|0|.............162 124 1|
|0|.............255 069 1|
|0|.............255 069 1|
|0|.............255 069 1|
|0|.............255 069 1|
|0|.............255 069 1|
|0|.............238 023 1|
|0|.............238 023 1|
|0|.............238 023 1|
|0|.............238 023 1|
|0|.............238 023 1|
|0|.............238 023 1|
|0|.............000 000 0|
|0|.............000 000 0|
|0|.............000 000 0|
|0|.............255 100 1|
|0|.............255 100 1|
|0|.............255 100 1|
|0|.............255 100 1|
|0|.............255 100 1|
|0|.............255 100 1|
|0|.............255 100 1|
|0|.............255 100 1|
|0|.............255 100 1|
|0|.............255 100 1|
|0|.............255 100 1|
|0|.............255 100 1|
|0|.............255 100 1|
|0|.............255 100 1|
|0|.............255 100 1|
|0|.............255 100 1|
|0|.............255 100 1|
|0|.............255 100 1|
|0|.............255 100 1|
|0|.............255 100 1|
|0|.............255 100 1|
|0|.............255 100 1|
|0|.............255 100 1|
|0|.............255 100 1|
|0|.............255 100 1|
|0|.............255 100 1|
|0|.............255 100 1|
|0|.............255 100 1|
|0|.............255 100 1|
|0|.............255 100 1|
|0|.............255 100 1|
|0|.............255 100 1|
|0|.............255 100 1|
|0|.............255 100 1|
|0|.............255 100 1|
|0|.............255 100 1|
|0|.............255 100 1|
|0|.............255 100 1|
|0|.............255 100 1|
|0|.............255 100 1|
|0|.............255 100 1|
|0|.............255 100 1|
|0|.............255 100 1|
|0|.............255 100 1|
|0|.............255 100 1|
|0|.............255 100 1|
|0|.............255 100 1|
|0|.............255 100 1|
|0|.............255 100 1|
|0|.............255 100 1|
|0|.............255 100 1|
|0|.............255 100 1|
|0|.............255 100 1|
|0|.............255 100 1|
|0|.............255 100 1|
|0|.............255 100 1|
|0|.............255 100 1|
|0|.............255 100 1|
|0|.............255 100 1|
|0|.............255 100 1|
|0|.............255 100 1|
|0|.............255 100 1|
|0|.............255 100 1|
|0|.............255 100 1|
|0|.............255 100 1|
|0|.............255 100 1|
|0|.............255 100 1|
|0|.............255 100 1|
|0|.............255 100 1|
|0|.............255 100 1|
|0|.............255 100 1|
|0|.............255 100 1|
|0|.............255 100 1|
|0|.............255 100 1|
|0|.............255 100 1|
|0|.............255 100 1|
|0|.............255 100 1|
|0|.............255 100 1|
|0|.............255 100 1|
|0|.............255 100 1|
|0|.............255 100 1|
|0|.............255 100 1|
|0|.............255 100 1|
|0|.............255 100 1|
|0|.............255 100 1|
|0|.............255 100 1|
|0|.............255 100 1|
|0|.............255 100 1|
|0|.............255 100 1|
|0|.............255 100 1|
|0|.............255 100 1|
|0|.............255 100 1|
|0|.............255 100 1|
|0|.............255 100 1|
|0|.............255 100 1|
|0|.............255 100 1|
|0|.............255 100 1|
|0|.............255 100 1|
|0|.............255 100 1|
|0|.............255 100 1|
|0|.............255 100 1|
|0|.............255 100 1|
|0|.............255 100 1|
|0|.............255 100 1|
|0|.............255 100 1|
|0|.............255 100 1|
|0|.............255 100 1|
|0|.............255 100 1|
|0|.............255 100 1|
|0|.............255 100 1|
|0|.............255 100 1|
|0|.............255 100 1|
|0|.............255 100 1|
|0|.............255 100 1|
|0|.............255 100 1|
|0|.............255 100 1|
|0|.............255 100 1|
|0|.............255 100 1|
|0|.............255 100 1|
|0|.............255 100 1|
|0|.............255 100 1|
|0|.............255 100 1|
|0|.............255 100 1|
|0|.............255 100 1|
|0|.............000 000 0|
|0|.............000 000 0|
|0|.............000 000 0|
|0|.............000 000 0|
|0|.............000 000 0|
|0|.............000 000 0|
|0|.............000 000 0|
|0|.............000 000 0|
|0|.............000 000 0|
|0|.............000 000 0|
|0|.............000 000 0|
|0|.............000 000 0|
|0|.............000 000 0|
|0|.............000 000 0|
|0|.............000 000 0|
|0|.............000 000 0|
|0|.............000 000 0|
|0|.............000 000 0|
|0|.............000 000 0|
|0|.............000 000 0|
|0|.............000 000 0|
|0|.............000 000 0|
|0|.............000 000 0|
|0|.............000 000 0|
|0|.............000 000 0|
|0|.............000 000 0|
|0|.............000 000 0|
|0|.............000 000 0|
|0|.............000 000 0|
|0|.............000 000 0|
|0|.............000 000 0|
|0|.............000 000 0|
|0|.............000 000 0|
|0|.............000 000 0|
|0|.............000 000 0|
|0|.............000 000 0|
|0|.............000 000 0|
|0|.............000 000 0|
|0|.............000 000 0|
|0|.............000 000 0|
|0|.............000 000 0|
|0|.............000 000 0|
|0|.............000 000 0|
|0|.............000 000 0|
|0|.............000 000 0|
|0|.............000 000 0|
|0|.............000 000 0|
|0|.............000 000 0|
|0|.............000 000 0|
|0|.............000 000 0|
|0|.............000 000 0|
|0|.............000 000 0|
|0|.............000 000 0|
|0|.............000 000 0|
|0|.............000 000 0|
|0|.............000 000 0|
|0|.............000 000 0|
|0|.............000 000 0|
|0|.............000 000 0|
|0|.............000 000 0|
|0|.............000 000 0|
|0|.............000 000 0|
|0|.............000 000 0|
|0|.............000 000 0|
|0|.............000 000 0|
|0|.............000 000 0|
|0|.............000 000 0|
|0|.............000 000 0|
|0|.............000 000 0|
|0|.............000 000 0|
|0|.............000 000 0|
|0|.............000 000 0|
|0|.............000 000 0|
|0|.............000 000 0|
|0|.............000 000 0|
|0|.............000 000 0|
|0|.............000 000 0|
|0|.............000 000 0|
|0|.............000 000 0|
|0|.............000 000 0|
|0|.............000 000 0|
|0|.............000 000 0|
|0|.............000 000 0|
|0|.............000 000 0|
|0|.............000 000 0|
|0|.............000 000 0|
|0|.............000 000 0|
|0|.............000 000 0|
|0|.............000 000 0|
|0|.............000 000 0|
|0|.............000 000 0|
|0|.............000 000 0|
|0|.............000 000 0|
|0|.............000 000 0|
|0|.............000 000 0|
|0|.............000 000 0|
|0|.............000 000 0|
|0|.............000 000 0|
|0|.............000 000 0|
|0|.............000 000 0|
|0|.............000 000 0|
|0|.............000 000 0|
|0|.............000 000 0|
|0|.............000 000 0|
|0|.............000 000 0|
|0|.............000 000 0|
|0|.............000 000 0|
|0|.............000 000 0|
|0|.............000 000 0|
|0|.............000 000 0|
|0|.............000 000 0|
|0|.............000 000 0|
|0|.............000 000 0|
|0|.............000 000 0|
|0|.............000 000 0|
|0|.............000 000 0|
|0|.............000 000 0|
|0|.............000 000 0|
|0|.............000 000 0|
|0|.............000 000 0|
|0|.............000 000 0|
|0|.............000 000 0|
|0|.............000 000 0|
|0|.............000 000 0|
|0|.............000 000 0|
|0|.............000 000 0|
|0|.............000 000 0|
|0|.............000 000 0|
|0|.............000 000 0|
|0|.............000 000 0|
|0|.............000 000 0|
|0|.............000 000 0|
|0|.............000 000 0|
|0|.............000 000 0|
|0|.............000 000 0|
|0|.............000 000 0|
|0|.............000 000 0|
|0|.............000 000 0|
|0|.............000 000 0|
|0|.............000 000 0|
|0|.............000 000 0|
|0|.............000 000 0|
|0|.............000 000 0|
|0|.............000 000 0|
|0|.............000 000 0|
|0|.............000 000 0|
|0|.............000 000 0|
|0|.............000 000 0|
|0|.............000 000 0|
|0|.............000 000 0|
|0|.............000 000 0|
|0|.............000 000 0|
|0|.............000 000 0|
|0|.............000 000 0|
|0|.............000 000 0|
|0|.............000 000 0|
|0|.............000 000 0|
|0|.............000 000 0|
|0|.............000 000 0|
|0|.............000 000 0|
|0|.............000 000 0|
|0|.............000 000 0|
|0|.............000 000 0|
|0|.............000 000 0|
|0|.............000 000 0|
|0|.............000 000 0|
|0|.............000 000 0|
|0|.............000 000 0|
|0|.............000 000 0|
|0|.............000 000 0|
|0|.............000 000 0|
|0|.............000 000 0|
|0|.............000 000 0|
|0|.............000 000 0|
|0|.............000 000 0|
|0|.............000 000 0|
|0|.............000 000 0|
|0|.............000 000 0|
|0|.............000 000 0|
|0|.............000 000 0|
|0|.............000 000 0|
|0|.............000 000 0|
|0|.............000 000 0|
|0|.............000 000 0|
|0|.............000 000 0|
|0|.............000 000 0|
|0|.............000 000 0|
|0|.............000 000 0|
|0|.............000 000 0|
|0|.............000 000 0|
|0|.............000 000 0|
|0|.............000 000 0|
|0|.............000 000 0|
|0|.............000 000 0|
|0|.............000 000 0|
|0|.............000 000 0|
|0|.............000 000 0|
|0|.............000 000 0|
|0|.............000 000 0|
|0|.............000 000 0|
|0|.............000 000 0|
|0|.............000 000 0|
|0|.............000 000 0|
|0|.............000 000 0|
|0|.............000 000 0|
|0|.............000 000 0|
|0|.............000 000 0|
|0|.............000 000 0|
|0|.............000 000 0|
|0|.............000 000 0|
|0|.............000 000 0|
|0|.............000 000 0|
|0|.............000 000 0|
|0|.............000 000 0|
|0|.............000 000 0|
|0|.............000 000 0|
|0|.............000 000 0|
|0|.............000 000 0|
|0|.............000 000 0|
|0|.............000 000 0|
|0|.............000 000 0|
|0|.............000 000 0|
|0|.............000 000 0|
|0|.............000 000 0|
|0|.............000 000 0|
|0|.............000 000 0|
|0|.............000 000 0|
|0|.............000 000 0|
|0|.............000 000 0|
|0|.............000 000 0|
|0|.............000 000 0|
|0|.............000 000 0|
|0|.............000 000 0|
|0|.............000 000 0|
|0|.............000 000 0|
|0|.............000 000 0|
|0|.............000 000 0|
|0|.............000 000 0|
|0|.............000 000 0|
|0|.............000 000 0|
|0|.............000 000 0|
|0|.............000 000 0|
|0|.............000 000 0|
|0|.............000 000 0|
|0|.............000 000 0|
|0|.............000 000 0|
|0|.............000 000 0|
|0|.............000 000 0|
|0|.............000 000 0|
|0|.............000 000 0|
|0|.............000 000 0|
|0|.............000 000 0|
|0|.............000 000 0|
|0|.............000 000 0|
|0|.............000 000 0|
|0|.............000 000 0|
|0|.............000 000 0|
|0|.............000 000 0|
|0|.............000 000 0|
|0|.............000 000 0|
|0|.............000 000 0|
|0|.............200 122 1|
|0|.............200 122 1| * select "OK" in hint dialog *
|0|.............000 000 0|
|0|.............000 000 0|
|0|.............000 000 0|
|0|.............000 000 0|
|0|.............000 000 0|
|0|.............000 000 0|
|0|.............000 000 0|
|0|.............000 000 0|
|0|.............000 000 0|
|0|.............000 125 1| * run left against the wall *
|0|.............000 125 1|
|0|.............000 125 1|
|0|.............000 125 1|
|0|.............000 125 1|
|0|.............000 125 1|
|0|.............000 125 1|
|0|.............000 125 1|
|0|.............000 125 1|
|0|.............000 125 1|
|0|.............000 125 1|
|0|.............000 125 1|
|0|.............000 125 1|
|0|.............000 125 1|
|0|.............000 125 1|
|0|.............000 125 1|
|0|.............000 125 1|
|0|.............000 125 1|
|0|.............000 125 1|
|0|.............000 125 1|
|0|.............000 125 1|
|0|.............000 125 1|
|0|.............000 125 1|
|0|.............000 125 1|
|0|.............000 125 1|
|0|.............000 125 1|
|0|.............000 125 1|
|0|.............000 125 1|
|0|.............000 125 1|
|0|.............000 125 1|
|0|.............000 125 1|
|0|.............000 125 1|
|0|.............000 125 1|
|0|.............000 125 1|
|0|.............000 125 1|
|0|.............000 125 1|
|0|.............000 125 1|
|0|.............000 125 1|
|0|.............000 125 1|
|0|.............000 125 1|
|0|.............000 125 1|
|0|.............000 125 1|
|0|.............000 125 1|
|0|.............000 125 1|
|0|.............000 125 1|
|0|.............000 125 1|
|0|.............000 125 1|
|0|.............000 125 1|
|0|.............000 125 1|
|0|.............000 125 1|
|0|.............000 125 1|
|0|.............000 125 1|
|0|.............000 125 1|
|0|.............000 125 1|
|0|.............000 125 1|
|0|.............255 125 1| * turn to the right and run to the first tree branches *
|0|.............255 125 1|
|0|.............255 125 1|
|0|.............255 125 1|
|0|.............255 125 1|
|0|.............255 125 1|
|0|.............255 125 1|
|0|.............255 125 1|
|0|.............255 125 1|
|0|.............255 125 1|
|0|.............255 125 1|
|0|.............255 125 1|
|0|.............255 125 1|
|0|.............255 125 1|
|0|.............255 125 1|
|0|.............255 125 1|
|0|.............255 125 1|
|0|.............255 125 1|
|0|.............255 125 1|
|0|.............255 125 1|
|0|.............255 125 1|
|0|.............255 125 1|
|0|.............255 125 1|
|0|.............255 125 1|
|0|.............255 125 1|
|0|.............255 125 1|
|0|.............255 125 1|
|0|.............255 125 1|
|0|.............255 125 1|
|0|.............255 125 1|
|0|.............255 125 1|
|0|.............255 125 1|
|0|.............255 125 1|
|0|.............255 125 1|
|0|.............255 125 1|
|0|.............255 125 1|
|0|.............000 000 0|
|0|.............000 000 0|
|0|.............056 021 1| * recenter camera *
|0|.............000 000 0|
|0|.............000 000 0|
|0|.............000 000 0|
|0|.............000 000 0|
|0|.............000 000 0|
|0|.............000 000 0|
|0|.............000 000 0|
|0|.............000 000 0|
|0|.............000 000 0|
|0|.............000 000 0|
|0|.............000 000 0|
|0|.............000 000 0|
|0|.............000 000 0|
|0|.............000 000 0|
|0|.............000 000 0|
|0|.............000 000 0|
|0|.............238 021 1|
|0|.............238 021 1| * open notebook *
|0|.............000 000 0|
|0|.............000 000 0|
|0|.............000 000 0|
|0|.............000 000 0|
|0|.............000 000 0|
|0|.............000 000 0|
|0|.............000 000 0|
|0|.............000 000 0|
|0|.............000 000 0|
|0|.............000 000 0|
|0|.............000 000 0|
|0|.............000 000 0|
|0|.............000 000 0|
|0|.............000 000 0|
|0|.............000 000 0|
|0|.............000 000 0|
|0|.............000 000 0|
|0|.............000 000 0|
|0|.............000 000 0|
|0|.............000 000 0|
|0|.............000 000 0|
|0|.............000 000 0|
|0|.............000 000 0|
|0|.............000 000 0|
|0|.............000 000 0|
|0|.............000 000 0|
|0|.............000 000 0|
|0|.............000 000 0|
|0|.............000 000 0|
|0|.............000 000 0|
|0|.............000 000 0|
|0|.............000 000 0|
|0|.............000 000 0|
|0|.............000 000 0|
|0|.............000 000 0|
|0|.............000 000 0|
