|0|.............160 062 1|
|0|.............000 000 0|
|0|.............000 000 0|
|0|.............112 098 1|
|0|.............000 000 0|
|0|.............000 000 0|
|0|.............202 062 1|
|0|.............000 000 0|
|0|.............000 000 0|
|0|.............242 176 1|
|0|.............000 000 0| * UFO has been typed *
|0|.............000 000 0|
|0|.............000 000 0|
|0|.............000 000 0|
|0|.............000 000 0|
|0|.............000 000 0|
|0|.............000 000 0|
|0|.............000 000 0|
|0|.............000 000 0|
|0|.............000 000 0|
|0|.............000 000 0|
|0|.............000 000 0|
|0|.............000 000 0|
|0|.............000 000 0|
|0|.............000 000 0|
|0|.............000 000 0|
|0|.............000 000 0|
|0|.............000 000 0|
|0|.............000 000 0|
|0|.............000 000 0|
|0|.............000 000 0|
|0|.............000 000 0|
|0|.............000 000 0|
|0|.............000 000 0|
|0|.............000 000 0|
|0|.............000 000 0|
|0|.............000 000 0|
|0|.............000 000 0|
|0|.............000 000 0|
|0|.............000 000 0|
|0|.............000 000 0|
|0|.............000 000 0|
|0|.............000 000 0|
|0|.............000 000 0|
|0|.............000 000 0|
|0|.............000 000 0|
|0|.............000 000 0|
|0|.............000 000 0|
|0|.............000 000 0|
|0|.............000 000 0|
|0|.............000 000 0|
|0|.............000 000 0|
|0|.............124 073 1|
|0|.............124 073 1|
|0|.............170 070 1|
|0|.............170 070 1|
|0|.............170 070 1|
|0|.............170 070 1|
|0|.............170 070 1|
|0|.............170 070 1|
|0|.............170 070 1|
|0|.............170 070 1|
|0|.............000 000 0|
|0|.............168 085 1|
|0|.............168 085 1|
|0|.............000 000 0|
|0|.............000 000 0|
|0|.............000 000 0|
|0|.............000 000 0|
|0|.............000 000 0|
|0|.............000 000 0|
|0|.............000 000 0|
|0|.............188 078 1|
|0|.............188 078 1|
|0|.............000 000 0|
|0|.............000 000 0|
|0|.............000 000 0|
|0|.............000 000 1|
|0|.............000 000 1|
|0|.............000 000 1|
|0|.............000 000 1|
|0|.............000 000 1|
|0|.............000 000 1|
|0|.............000 000 1|
|0|.............000 000 1|
|0|.............000 000 1|
|0|.............000 000 1|
|0|.............000 000 1|
|0|.............000 000 1|
|0|.............000 000 1|
|0|.............000 000 1|
|0|.............000 000 1|
|0|.............000 000 1|
|0|.............000 000 1|
|0|.............000 000 1|
|0|.............000 000 1|
|0|.............000 000 1|
|0|.............000 000 1|
|0|.............000 000 1|
|0|.............000 000 1|
|0|.............000 000 1|
|0|.............000 000 1|
|0|.............000 000 1|
|0|.............000 000 1|
|0|.............000 000 1|
|0|.............000 000 1|
|0|.............000 000 1|
|0|.............000 000 1|
|0|.............000 000 1|
|0|.............000 000 1|
|0|.............000 000 1|
|0|.............000 000 1|
|0|.............000 000 1|
|0|.............000 000 1|
|0|.............000 000 1|
|0|.............000 000 1|
|0|.............000 000 1|
|0|.............000 000 1|
|0|.............000 000 1|
|0|.............000 000 1|
|0|.............000 000 1|
|0|.............000 000 1|
|0|.............000 000 1|
|0|.............000 000 1|
|0|.............000 000 1|
|0|.............000 000 1|
|0|.............000 000 1|
|0|.............000 000 1|
|0|.............000 000 1|
|0|.............000 000 1|
|0|.............000 000 1|
|0|.............000 000 1|
|0|.............000 000 1|
|0|.............000 000 1|
|0|.............000 000 1|
|0|.............000 000 1|
|0|.............000 000 1|
|0|.............000 000 1|
|0|.............000 000 1|
|0|.............000 000 1|
|0|.............000 000 1|
|0|.............000 000 1|
|0|.............000 000 1|
|0|.............000 000 1|
|0|.............000 000 1|
|0|.............000 000 1|
|0|.............000 000 1|
|0|.............000 000 1|
|0|.............000 000 1|
|0|.............000 000 1|
|0|.............000 000 1|
|0|.............000 000 1|
|0|.............000 000 1|
|0|.............000 000 1|
|0|.............000 000 1|
|0|.............000 000 1|
|0|.............000 000 1|
|0|.............000 000 1|
|0|.............000 000 1|
|0|.............000 000 1|
|0|.............000 000 1|
|0|.............000 000 0|
|0|.............000 000 0|
|0|.............000 000 0|
|0|.............000 000 0|
|0|.............000 000 0|
|0|.............000 000 0|
|0|.............000 000 0|
|0|.............000 000 0|
|0|.............000 000 0|
|0|.............000 000 0|
|0|.............000 000 0|
|0|.............000 000 0|
|0|.............000 000 0|
|0|.............000 000 0|
|0|.............000 000 0|
|0|.............000 000 0|
|0|.............000 000 0|
|0|.............000 000 0|
|0|.............000 000 0|
|0|.............000 000 0|
|0|.............000 000 0|
|0|.............000 000 0|
|0|.............000 000 0|
|0|.............000 000 0|
|0|.............000 000 0|
|0|.............000 000 0|
|0|.............000 000 0|
|0|.............000 000 0|
|0|.............000 000 0|
|0|.............000 000 0|
|0|.............000 000 0|
|0|.............000 000 0|
|0|.............000 000 0|
|0|.............000 000 0|
|0|.............000 000 0|
|0|.............000 000 0|
|0|.............000 000 0|
|0|.............000 000 0|
|0|.............000 000 0|
|0|.............000 000 0|
|0|.............000 000 0|
|0|.............000 000 0|
|0|.............000 000 0|
|0|.............000 000 0|
|0|.............000 000 0|
|0|.............000 000 0|
|0|.............000 000 0|
|0|.............000 000 0|
|0|.............000 000 0|
|0|.............000 000 0|
|0|.............000 000 0|
|0|.............000 000 0|
|0|.............000 000 0|
|0|.............000 000 0|
|0|.............000 000 0|
|0|.............000 000 0|
|0|.............000 000 0|
|0|.............000 000 0|
|0|.............114 045 1|
|0|.............114 045 1|
|0|.............000 000 0|
|0|.............000 000 0|
|0|.............000 000 0|
|0|.............000 000 0|
|0|.............000 000 0|
|0|.............000 000 0|
|0|.............188 081 1|
|0|.............000 000 0|
|0|.............000 000 0|
|0|.............000 000 0|
|0|.............000 000 0|
|0|.............114 063 1|
|0|.............114 063 1|
|0|.............248 077 1|
|0|.............248 077 1|
|0|.............240 025 1|
|0|.............240 025 1|
|0|.............000 000 0|
|0|.............255 105 1|
|0|.............255 105 1|
|0|.............255 105 1|
|0|.............255 105 1|
|0|.............255 105 1|
|0|.............255 105 1|
|0|.............255 105 1|
|0|.............255 105 1|
|0|.............255 105 1|
|0|.............255 105 1|
|0|.............255 105 1|
|0|.............255 105 1|
|0|.............255 105 1|
|0|.............255 105 1|
|0|.............255 105 1|
|0|.............255 105 1|
|0|.............255 105 1|
|0|.............255 105 1|
|0|.............255 105 1|
|0|.............255 105 1|
|0|.............255 105 1|
|0|.............255 105 1|
|0|.............255 105 1|
|0|.............255 105 1|
|0|.............255 105 1|
|0|.............255 105 1|
|0|.............255 105 1|
|0|.............255 105 1|
|0|.............255 105 1|
|0|.............255 105 1|
|0|.............255 105 1|
|0|.............255 105 1|
|0|.............255 105 1|
|0|.............255 105 1|
|0|.............255 105 1|
|0|.............255 105 1|
|0|.............255 105 1|
|0|.............255 105 1|
|0|.............255 105 1|
|0|.............255 105 1|
|0|.............255 105 1|
|0|.............255 105 1|
|0|.............255 105 1|
|0|.............255 105 1|
|0|.............255 105 1|
|0|.............255 105 1|
|0|.............255 135 1|
|0|.............255 135 1|
|0|.............255 135 1|
|0|.............255 135 1|
|0|.............255 135 1|
|0|.............255 135 1|
|0|.............255 135 1|
|0|.............255 135 1|
|0|.............255 135 1|
|0|.............255 135 1|
|0|.............255 135 1|
|0|.............255 135 1|
|0|.............255 135 1|
|0|.............255 135 1|
|0|.............255 135 1|
|0|.............255 135 1|
|0|.............255 135 1|
|0|.............255 135 1|
|0|.............255 135 1|
|0|.............255 135 1|
|0|.............255 135 1|
|0|.............255 135 1|
|0|.............255 135 1|
|0|.............255 135 1|
|0|.............255 135 1|
|0|.............255 135 1|
|0|.............255 135 1|
|0|.............255 135 1|
|0|.............255 135 1|
|0|.............255 135 1|
|0|.............255 135 1|
|0|.............255 135 1|
|0|.............255 135 1|
|0|.............255 135 1|
|0|.............255 135 1|
|0|.............255 135 1|
|0|.............255 135 1|
|0|.............255 135 1|
|0|.............255 135 1|
|0|.............255 135 1|
|0|.............255 135 1|
|0|.............255 135 1|
|0|.............255 135 1|
|0|.............255 135 1|
|0|.............255 135 1|
|0|.............255 135 1|
|0|.............255 135 1|
|0|.............255 135 1|
|0|.............255 135 1|
|0|.............255 135 1|
|0|.............255 135 1|
|0|.............255 135 1|
|0|.............255 135 1|
|0|.............255 135 1|
|0|.............255 135 1|
|0|.............255 135 1|
|0|.............255 135 1|
|0|.............255 135 1|
|0|.............255 135 1|
|0|.............255 135 1|
|0|.............255 135 1|
|0|.............255 135 1|
|0|.............255 135 1|
|0|.............255 135 1|
|0|.............255 135 1|
|0|.............255 135 1|
|0|.............255 135 1|
|0|.............255 135 1|
|0|.............255 135 1|
|0|.............255 135 1|
|0|.............255 135 1|
|0|.............255 135 1|
|0|.............255 135 1|
|0|.............255 135 1|
|0|.............255 135 1|
|0|.............255 135 1|
|0|.............255 135 1|
|0|.............255 135 1|
|0|.............255 135 1|
|0|.............255 135 1|
|0|.............255 135 1|
|0|.............255 135 1|
|0|.............255 135 1|
|0|.............255 135 1|
|0|.............255 135 1|
|0|.............255 135 1|
|0|.............255 135 1|
|0|.............255 135 1|
|0|.............255 135 1|
|0|.............255 135 1|
|0|.............255 135 1|
|0|.............255 135 1|
|0|.............255 135 1|
|0|.............255 135 1|
|0|.............255 135 1|
|0|.............255 135 1|
|0|.............255 135 1|
|0|.............255 135 1|
|0|.............255 135 1|
|0|.............255 135 1|
|0|.............255 135 1|
|0|.............255 135 1|
|0|.............255 135 1|
|0|.............255 135 1|
|0|.............255 135 1|
|0|.............255 135 1|
|0|.............255 135 1|
|0|.............255 135 1|
|0|.............255 135 1|
|0|.............255 135 1|
|0|.............255 135 1|
|0|.............255 135 1|
|0|.............255 135 1|
|0|.............255 135 1|
|0|.............255 135 1|
|0|.............255 135 1|
|0|.............255 135 1|
|0|.............255 135 1|
|0|.............255 135 1|
|0|.............255 135 1|
|0|.............255 135 1|
|0|.............255 135 1|
|0|.............255 135 1|
|0|.............255 135 1|
|0|.............255 135 1|
|0|.............255 135 1|
|0|.............255 135 1|
|0|.............255 135 1|
|0|.............255 135 1|
|0|.............255 135 1|
|0|.............255 135 1|
|0|.............255 135 1|
|0|.............255 135 1|
|0|.............255 135 1|
|0|.............255 135 1|
|0|.............255 135 1|
|0|.............255 135 1|
|0|.............255 135 1|
|0|.............255 135 1|
|0|.............255 135 1|
|0|.............255 135 1|
|0|.............255 135 1|
|0|.............255 135 1|
|0|.............255 135 1|
|0|.............255 135 1|
|0|.............255 135 1|
|0|.............255 135 1|
|0|.............000 000 0|
|0|.............000 000 0|
|0|.............000 000 0|
|0|.............000 000 0|
|0|.............000 000 0|
|0|.............000 000 0|
|0|.............000 000 0|
|0|.............000 000 0|
|0|.............000 000 0|
|0|.............000 000 0|
|0|.............000 000 0|
|0|.............000 000 0|
|0|.............000 000 0|
|0|.............000 000 0|
|0|.............000 000 0|
|0|.............000 000 0|
|0|.............000 000 0|
|0|.............000 000 0|
|0|.............000 000 0|
|0|.............000 000 0|
|0|.............000 000 0|
|0|.............000 000 0|
|0|.............000 000 0|
|0|.............000 000 0|
|0|.............000 000 0|
|0|.............000 000 0|
|0|.............000 000 0|
|0|.............000 000 0|
|0|.............000 000 0|
|0|.............000 000 0|
|0|.............000 000 0|
|0|.............000 000 0|
|0|.............000 000 0|
|0|.............000 000 0|
|0|.............000 000 0|
|0|.............000 000 0|
|0|.............000 000 0|
|0|.............000 000 0|
|0|.............000 000 0|
|0|.............000 000 0|
|0|.............000 000 0|
|0|.............000 000 0|
|0|.............000 000 0|
|0|.............000 000 0|
|0|.............000 000 0|
|0|.............000 000 0|
|0|.............000 000 0|
|0|.............000 000 0|
|0|.............000 000 0|
|0|.............000 000 0|
|0|.............000 000 0|
|0|.............000 000 0|
|0|.............000 000 0|
|0|.............000 000 0|
|0|.............000 000 0|
|0|.............000 000 0|
|0|.............000 000 0|
|0|.............000 000 0|
|0|.............000 000 0|
|0|.............000 000 0|
|0|.............000 000 0|
|0|.............000 000 0|
|0|.............000 000 0|
|0|.............000 000 0|
|0|.............000 000 0|
|0|.............000 000 0|
|0|.............000 000 0|
|0|.............000 000 0|
|0|.............000 000 0|
|0|.............000 000 0|
|0|.............000 000 0|
|0|.............000 000 0|
|0|.............000 000 0|
|0|.............000 000 0|
|0|.............000 000 0|
|0|.............000 000 0|
|0|.............000 000 0|
|0|.............000 000 0|
|0|.............000 000 0|
|0|.............000 000 0|
|0|.............000 000 0|
|0|.............000 000 0|
|0|.............000 000 0|
|0|.............000 000 0|
|0|.............000 000 0|
|0|.............000 000 0|
|0|.............000 000 0|
|0|.............000 000 0|
|0|.............000 000 0|
|0|.............000 000 0|
|0|.............000 000 0|
|0|.............000 000 0|
|0|.............000 000 0|
|0|.............000 000 0|
|0|.............000 000 0|
|0|.............000 000 0|
|0|.............000 000 0|
|0|.............000 000 0|
|0|.............000 000 0|
|0|.............000 000 0|
|0|.............000 000 0|
|0|.............000 000 0|
|0|.............000 000 0|
|0|.............000 000 0|
|0|.............000 000 0|
|0|.............000 000 0|
|0|.............000 000 0|
|0|.............000 000 0|
|0|.............000 000 0|
|0|.............000 000 0|
|0|.............000 000 0|
|0|.............000 000 0|
|0|.............000 000 0|
|0|.............000 000 0|
|0|.............000 000 0|
|0|.............000 000 0|
|0|.............000 000 0|
|0|.............000 000 0|
|0|.............000 000 0|
|0|.............000 000 0|
|0|.............000 000 0|
|0|.............000 000 0|
|0|.............000 000 0|
|0|.............000 000 0|
|0|.............000 000 0|
|0|.............000 000 0|
|0|.............000 000 0|
|0|.............000 000 0|
|0|.............000 000 0|
|0|.............000 000 0|
|0|.............000 000 0|
|0|.............000 000 0|
|0|.............000 000 0|
|0|.............000 000 0|
|0|.............000 000 0|
|0|.............000 000 0|
|0|.............000 000 0|
|0|.............000 000 0|
|0|.............000 000 0|
|0|.............000 000 0|
|0|.............000 000 0|
|0|.............000 000 0|
|0|.............000 000 0|
|0|.............000 000 0|
|0|.............000 000 0|
|0|.............000 000 0|
|0|.............000 000 0|
|0|.............000 000 0|
|0|.............000 000 0|
|0|.............000 000 0|
|0|.............000 000 0|
|0|.............000 000 0|
|0|.............000 000 0|
|0|.............000 000 0|
|0|.............000 000 0|
|0|.............000 000 0|
|0|.............000 000 0|
|0|.............000 000 0|
|0|.............000 000 0|
|0|.............000 000 0|
|0|.............000 000 0|
|0|.............000 000 0|
|0|.............000 000 0|
|0|.............000 000 0|
|0|.............000 000 0|
|0|.............000 000 0|
|0|.............000 000 0|
|0|.............000 000 0|
|0|.............000 000 0|
|0|.............000 000 0|
|0|.............000 000 0|
|0|.............000 000 0|
|0|.............000 000 0|
|0|.............000 000 0|
|0|.............000 000 0|
|0|.............000 000 0|
|0|.............000 000 0|
|0|.............000 000 0|
|0|.............000 000 0|
|0|.............000 000 0|
|0|.............000 000 0|
|0|.............000 000 0|
|0|.............000 000 0|
|0|.............000 000 0|
|0|.............000 000 0|
|0|.............000 000 0|
|0|.............000 000 0|
|0|.............000 000 0|
|0|.............000 000 0|
|0|.............000 000 0|
|0|.............000 000 0|
|0|.............000 000 0|
|0|.............000 000 0|
|0|.............000 000 0|
|0|.............000 000 0|
|0|.............000 000 0|
|0|.............000 000 0|
|0|.............000 000 0|
|0|.............000 000 0|
|0|.............000 000 0|
|0|.............000 000 0|
|0|.............000 000 0|
|0|.............000 000 0|
|0|.............000 000 0|
|0|.............000 000 0|
|0|.............000 000 0|
|0|.............000 000 0|
|0|.............000 000 0|
|0|.............000 000 0|
|0|.............000 000 0|
|0|.............000 000 0|
|0|.............000 000 0|
|0|.............000 000 0|
|0|.............000 000 0|
|0|.............000 000 0|
|0|.............000 000 0|
|0|.............000 000 0|
|0|.............000 000 0|
|0|.............000 000 0|
|0|.............000 000 0|
|0|.............000 000 0|
|0|.............000 000 0|
|0|.............000 000 0|
|0|.............000 000 0|
|0|.............000 000 0|
|0|.............000 000 0|
|0|.............000 000 0|
|0|.............000 000 0|
|0|.............000 000 0|
|0|.............000 000 0|
|0|.............000 000 0|
|0|.............000 000 0|
|0|.............000 000 0|
|0|.............000 000 0|
|0|.............000 000 0|
|0|.............000 000 0|
|0|.............000 000 0|
|0|.............000 000 0|
|0|.............000 000 0|
|0|.............000 000 0|
|0|.............000 000 0|
|0|.............000 000 0|
|0|.............000 000 0|
|0|.............000 000 0|
|0|.............000 000 0|
|0|.............000 000 0|
|0|.............000 000 0|
|0|.............000 000 0|
|0|.............000 000 0|
|0|.............000 000 0|
|0|.............000 000 0|
|0|.............000 000 0|
|0|.............000 000 0|
|0|.............000 000 0|
|0|.............000 000 0|
|0|.............000 000 0|
|0|.............000 000 0|
|0|.............000 000 0|
|0|.............000 000 0|
|0|.............000 000 0|
|0|.............000 000 0|
|0|.............000 000 0|
|0|.............000 000 0|
|0|.............200 121 1|
|0|.............200 121 1| * select "OK" in hint dialog *
|0|.............000 000 0|
|0|.............000 000 0|
|0|.............000 000 0|
|0|.............000 000 0|
|0|.............000 000 0|
|0|.............000 000 0|
|0|.............000 000 0|
|0|.............000 000 0|
|0|.............000 000 0|
|0|.............000 125 1| * run left against the wall *
|0|.............000 125 1|
|0|.............000 125 1|
|0|.............000 125 1|
|0|.............000 125 1|
|0|.............000 125 1|
|0|.............000 125 1|
|0|.............000 125 1|
|0|.............000 125 1|
|0|.............000 125 1|
|0|.............000 125 1|
|0|.............000 125 1|
|0|.............000 125 1|
|0|.............000 125 1|
|0|.............000 125 1|
|0|.............000 125 1|
|0|.............000 125 1|
|0|.............000 125 1|
|0|.............000 125 1|
|0|.............000 125 1|
|0|.............000 125 1|
|0|.............000 125 1|
|0|.............000 125 1|
|0|.............000 125 1|
|0|.............000 125 1|
|0|.............000 125 1|
|0|.............000 125 1|
|0|.............000 125 1|
|0|.............000 125 1|
|0|.............000 125 1|
|0|.............000 125 1|
|0|.............000 125 1|
|0|.............000 125 1|
|0|.............000 125 1|
|0|.............000 125 1|
|0|.............000 125 1|
|0|.............000 125 1|
|0|.............000 125 1|
|0|.............000 125 1|
|0|.............000 125 1|
|0|.............000 125 1|
|0|.............000 125 1|
|0|.............000 125 1|
|0|.............000 125 1|
|0|.............000 125 1|
|0|.............000 125 1|
|0|.............000 125 1|
|0|.............000 125 1|
|0|.............000 125 1|
|0|.............000 125 1|
|0|.............000 125 1|
|0|.............000 125 1|
|0|.............000 125 1|
|0|.............000 125 1|
|0|.............000 125 1|
|0|.............255 125 1| * turn to the right and run to the first tree branches *
|0|.............255 125 1|
|0|.............255 125 1|
|0|.............255 125 1|
|0|.............255 125 1|
|0|.............255 125 1|
|0|.............255 125 1|
|0|.............255 125 1|
|0|.............255 125 1|
|0|.............255 125 1|
|0|.............255 125 1|
|0|.............255 125 1|
|0|.............255 125 1|
|0|.............255 125 1|
|0|.............255 125 1|
|0|.............255 125 1|
|0|.............255 125 1|
|0|.............255 125 1|
|0|.............255 125 1|
|0|.............255 125 1|
|0|.............255 125 1|
|0|.............255 125 1|
|0|.............255 125 1|
|0|.............255 125 1|
|0|.............255 125 1|
|0|.............255 125 1|
|0|.............255 125 1|
|0|.............255 125 1|
|0|.............255 125 1|
|0|.............255 125 1|
|0|.............255 125 1|
|0|.............255 125 1|
|0|.............255 125 1|
|0|.............255 125 1|
|0|.............255 125 1|
|0|.............255 125 1|
|0|.............000 000 0|
|0|.............000 000 0|
|0|.............056 021 1| * recenter camera *
|0|.............000 000 0|
|0|.............000 000 0|
|0|.............000 000 0|
|0|.............000 000 0|
|0|.............000 000 0|
|0|.............000 000 0|
|0|.............000 000 0|
|0|.............000 000 0|
|0|.............000 000 0|
|0|.............000 000 0|
|0|.............000 000 0|
|0|.............000 000 0|
|0|.............000 000 0|
|0|.............000 000 0|
|0|.............000 000 0|
|0|.............000 000 0|
|0|.............238 021 1|
|0|.............238 021 1| * open notebook *
|0|.............000 000 0|
|0|.............000 000 0|
|0|.............000 000 0|
|0|.............000 000 0|
|0|.............000 000 0|
|0|.............000 000 0|
|0|.............000 000 0|
|0|.............000 000 0|
|0|.............000 000 0|
|0|.............000 000 0|
|0|.............000 000 0|
|0|.............000 000 0|
|0|.............000 000 0|
|0|.............000 000 0|
|0|.............000 000 0|
|0|.............000 000 0|
|0|.............000 000 0|
|0|.............000 000 0|
|0|.............000 000 0|
|0|.............000 000 0|
|0|.............000 000 0|
|0|.............000 000 0|
|0|.............000 000 0|
|0|.............000 000 0|
|0|.............000 000 0|
|0|.............000 000 0|
|0|.............000 000 0|
|0|.............000 000 0|
|0|.............000 000 0|
|0|.............000 000 0|
|0|.............000 000 0|
|0|.............000 000 0|
|0|.............000 000 0|
|0|.............000 000 0|
|0|.............000 000 0|
|0|.............000 000 0|
