|0|.............090 098 1|
|0|.............000 000 0|
|0|.............000 000 0|
|0|.............076 062 1|
|0|.............000 000 0|
|0|.............000 000 0|
|0|.............110 132 1|
|0|.............000 000 0|
|0|.............000 000 0|
|0|.............048 098 1|
|0|.............000 000 0|
|0|.............000 000 0|
|0|.............090 098 1|
|0|.............000 000 0|
|0|.............000 000 0|
|0|.............076 062 1|
|0|.............000 000 0|
|0|.............000 000 0|
|0|.............174 132 1|
|0|.............000 000 0|
|0|.............000 000 0|
|0|.............118 062 1|
|0|.............000 000 0|
|0|.............000 000 0|
|0|.............160 176 1|
|0|.............000 000 0|
|0|.............000 000 0|
|0|.............196 098 1|
|0|.............000 000 0|
|0|.............000 000 0|
|0|.............180 062 1|
|0|.............000 000 0|
|0|.............000 000 0|
|0|.............118 062 1|
|0|.............000 000 0|
|0|.............000 000 0|
|0|.............118 062 1|
|0|.............000 000 0|
|0|.............000 000 0|
|0|.............140 062 1|
|0|.............000 000 0|
|0|.............000 000 0|
|0|.............160 176 1|
|0|.............000 000 0|
|0|.............000 000 0|
|0|.............118 062 1|
|0|.............000 000 0|
|0|.............000 000 0|
|0|.............096 062 1|
|0|.............000 000 0|
|0|.............000 000 0|
|0|.............076 062 1|
|0|.............000 000 0|
|0|.............000 000 0|
|0|.............048 098 1|
|0|.............000 000 0|
|0|.............000 000 0|
|0|.............118 062 1|
|0|.............000 000 0|
|0|.............000 000 0|
|0|.............242 176 1|
|0|.............000 000 0| * DECADENT KITTY TREAT has been typed *
|0|.............000 000 0|
|0|.............000 000 0|
|0|.............000 000 0|
|0|.............000 000 0|
|0|.............000 000 0|
|0|.............000 000 0|
|0|.............000 000 0|
|0|.............000 000 0|
|0|.............000 000 0|
|0|.............000 000 0|
|0|.............000 000 0|
|0|.............000 000 0|
|0|.............000 000 0|
|0|.............000 000 0|
|0|.............000 000 0|
|0|.............000 000 0|
|0|.............000 000 0|
|0|.............000 000 0|
|0|.............000 000 0|
|0|.............000 000 0|
|0|.............000 000 0|
|0|.............000 000 0|
|0|.............000 000 0|
|0|.............000 000 0|
|0|.............000 000 0|
|0|.............000 000 0|
|0|.............000 000 0|
|0|.............000 000 0|
|0|.............000 000 0|
|0|.............000 000 0|
|0|.............000 000 0|
|0|.............000 000 0|
|0|.............000 000 0|
|0|.............000 000 0|
|0|.............000 000 0|
|0|.............000 000 0|
|0|.............000 000 0|
|0|.............000 000 0|
|0|.............000 000 0|
|0|.............000 000 0|
|0|.............000 000 0|
|0|.............000 000 0|
|0|.............000 000 0|
|0|.............000 000 0|
|0|.............000 000 0|
|0|.............000 000 0|
|0|.............128 082 1|
|0|.............128 082 1|
|0|.............255 100 1|
|0|.............255 100 1|
|0|.............255 100 1|
|0|.............255 100 1|
|0|.............092 113 1|
|0|.............092 113 1|
|0|.............092 113 1|
|0|.............092 113 1|
|0|.............092 113 1|
|0|.............092 113 1|
|0|.............000 000 0|
|0|.............000 000 0|
|0|.............000 000 0|
|0|.............000 000 0|
|0|.............000 000 0|
|0|.............000 000 0|
|0|.............000 000 0|
|0|.............000 000 0|
|0|.............000 000 0|
|0|.............000 000 0|
|0|.............000 000 0|
|0|.............000 000 0|
|0|.............000 000 0|
|0|.............000 000 0|
|0|.............000 000 0|
|0|.............000 000 0|
|0|.............000 000 0|
|0|.............000 000 0|
|0|.............000 000 0|
|0|.............000 000 0|
|0|.............000 000 0|
|0|.............000 000 0|
|0|.............000 000 0|
|0|.............000 000 0|
|0|.............000 000 0|
|0|.............000 000 0|
|0|.............000 000 0|
|0|.............000 000 0|
|0|.............000 000 0|
|0|.............000 000 0|
|0|.............000 000 0|
|0|.............000 000 0|
|0|.............000 000 0|
|0|.............000 000 0|
|0|.............000 000 0|
|0|.............000 000 0|
|0|.............000 000 0|
|0|.............000 000 0|
|0|.............000 000 0|
|0|.............000 000 0|
|0|.............000 000 0|
|0|.............000 000 0|
|0|.............000 000 0|
|0|.............000 000 0|
|0|.............000 000 0|
|0|.............000 000 0|
|0|.............000 000 0|
|0|.............000 000 0|
|0|.............000 000 0|
|0|.............000 000 0|
|0|.............000 000 0|
|0|.............000 000 0|
|0|.............000 000 0|
|0|.............000 000 0|
|0|.............000 000 0|
|0|.............000 000 0|
|0|.............000 000 0|
|0|.............000 000 0|
|0|.............000 000 0|
|0|.............000 000 0|
|0|.............000 000 0|
|0|.............000 000 0|
|0|.............000 000 0|
|0|.............000 000 0|
|0|.............000 000 0|
|0|.............000 000 0|
|0|.............000 000 0|
|0|.............000 000 0|
|0|.............000 000 0|
|0|.............000 000 0|
|0|.............000 000 0|
|0|.............000 000 0|
|0|.............000 000 0|
|0|.............000 000 0|
|0|.............000 000 0|
|0|.............000 000 0|
|0|.............000 000 0|
|0|.............000 000 0|
|0|.............000 000 0|
|0|.............000 000 0|
|0|.............000 000 0|
|0|.............000 000 0|
|0|.............000 000 0|
|0|.............000 000 0|
|0|.............000 000 0|
|0|.............000 000 0|
|0|.............000 000 0|
|0|.............000 000 0|
|0|.............000 000 0|
|0|.............000 000 0|
|0|.............000 000 0|
|0|.............000 000 0|
|0|.............000 000 0|
|0|.............000 000 0|
|0|.............000 000 0|
|0|.............000 000 0|
|0|.............000 000 0|
|0|.............000 000 0|
|0|.............000 000 0|
|0|.............000 000 0|
|0|.............000 000 0|
|0|.............000 000 0|
|0|.............000 000 0|
|0|.............000 000 0|
|0|.............000 000 0|
|0|.............000 000 0|
|0|.............000 000 0|
|0|.............000 000 0|
|0|.............000 000 0|
|0|.............000 000 0|
|0|.............000 000 0|
|0|.............000 000 0|
|0|.............000 000 0|
|0|.............000 000 0|
|0|.............000 000 0|
|0|.............000 000 0|
|0|.............000 000 0|
|0|.............000 000 0|
|0|.............000 000 0|
|0|.............000 000 0|
|0|.............000 000 0|
|0|.............000 000 0|
|0|.............000 000 0|
|0|.............000 000 0|
|0|.............000 000 0|
|0|.............000 000 0|
|0|.............000 000 0|
|0|.............000 000 0|
|0|.............000 000 0|
|0|.............255 155 1|
|0|.............255 155 1|
|0|.............255 155 1|
|0|.............255 155 1|
|0|.............255 155 1|
|0|.............255 155 1|
|0|.............255 155 1|
|0|.............255 155 1|
|0|.............255 155 1|
|0|.............255 155 1|
|0|.............255 155 1|
|0|.............255 155 1|
|0|.............255 155 1|
|0|.............255 155 1|
|0|.............255 155 1|
|0|.............255 155 1|
|0|.............255 155 1|
|0|.............255 155 1|
|0|.............255 155 1|
|0|.............255 155 1|
|0|.............255 155 1|
|0|.............255 155 1|
|0|.............255 155 1|
|0|.............255 155 1|
|0|.............255 155 1|
|0|.............255 155 1|
|0|.............255 155 1|
|0|.............255 155 1|
|0|.............255 155 1|
|0|.............255 155 1|
|0|.............255 155 1|
|0|.............255 155 1|
|0|.............255 155 1|
|0|.............255 155 1|
|0|.............255 155 1|
|0|.............255 155 1|
|0|.............255 155 1|
|0|.............255 155 1|
|0|.............255 155 1|
|0|.............255 155 1|
|0|.............255 155 1|
|0|.............255 155 1|
|0|.............255 155 1|
|0|.............255 155 1|
|0|.............255 155 1|
|0|.............255 155 1|
|0|.............255 155 1|
|0|.............255 155 1|
|0|.............255 155 1|
|0|.............255 155 1|
|0|.............255 155 1|
|0|.............255 155 1|
|0|.............255 155 1|
|0|.............255 155 1|
|0|.............255 155 1|
|0|.............255 155 1|
|0|.............255 155 1|
|0|.............255 155 1|
|0|.............255 155 1|
|0|.............255 155 1|
|0|.............255 155 1|
|0|.............255 155 1|
|0|.............255 155 1|
|0|.............255 155 1|
|0|.............255 155 1|
|0|.............255 155 1|
|0|.............255 155 1|
|0|.............255 155 1|
|0|.............255 155 1|
|0|.............255 155 1|
|0|.............255 155 1|
|0|.............255 155 1|
|0|.............255 155 1|
|0|.............255 155 1|
|0|.............255 155 1|
|0|.............255 155 1|
|0|.............255 155 1|
|0|.............255 155 1|
|0|.............255 155 1|
|0|.............255 155 1|
|0|.............255 155 1|
|0|.............255 155 1|
|0|.............255 155 1|
|0|.............255 155 1|
|0|.............255 155 1|
|0|.............255 155 1|
|0|.............255 155 1|
|0|.............255 155 1|
|0|.............255 155 1|
|0|.............255 155 1|
|0|.............255 155 1|
|0|.............255 155 1|
|0|.............255 155 1|
|0|.............255 155 1|
|0|.............255 155 1|
|0|.............255 155 1|
|0|.............255 155 1|
|0|.............255 155 1|
|0|.............255 155 1|
|0|.............255 155 1|
|0|.............255 155 1|
|0|.............255 155 1|
|0|.............255 155 1|
|0|.............255 155 1|
|0|.............255 155 1|
|0|.............255 155 1|
|0|.............255 155 1|
|0|.............255 155 1|
|0|.............255 155 1|
|0|.............255 155 1|
|0|.............255 155 1|
|0|.............255 155 1|
|0|.............255 155 1|
|0|.............255 155 1|
|0|.............255 155 1|
|0|.............255 155 1|
|0|.............255 155 1|
|0|.............255 155 1|
|0|.............255 155 1|
|0|.............255 155 1|
|0|.............255 155 1|
|0|.............255 155 1|
|0|.............255 155 1|
|0|.............255 155 1|
|0|.............000 000 0|
|0|.............000 000 0|
|0|.............000 000 0|
|0|.............000 000 0|
|0|.............000 000 0|
|0|.............000 000 0|
|0|.............000 000 0|
|0|.............000 000 0|
|0|.............000 000 0|
|0|.............000 000 0|
|0|.............000 000 0|
|0|.............000 000 0|
|0|.............000 000 0|
|0|.............000 000 0|
|0|.............000 000 0|
|0|.............000 000 0|
|0|.............000 000 0|
|0|.............000 000 0|
|0|.............000 000 0|
|0|.............000 000 0|
|0|.............000 000 0|
|0|.............000 000 0|
|0|.............000 000 0|
|0|.............000 000 0|
|0|.............000 000 0|
|0|.............000 000 0|
|0|.............000 000 0|
|0|.............000 000 0|
|0|.............000 000 0|
|0|.............000 000 0|
|0|.............000 000 0|
|0|.............000 000 0|
|0|.............000 000 0|
|0|.............000 000 0|
|0|.............000 000 0|
|0|.............000 000 0|
|0|.............000 000 0|
|0|.............000 000 0|
|0|.............000 000 0|
|0|.............000 000 0|
|0|.............000 000 0|
|0|.............000 000 0|
|0|.............000 000 0|
|0|.............000 000 0|
|0|.............000 000 0|
|0|.............000 000 0|
|0|.............000 000 0|
|0|.............000 000 0|
|0|.............000 000 0|
|0|.............000 000 0|
|0|.............000 000 0|
|0|.............000 000 0|
|0|.............000 000 0|
|0|.............000 000 0|
|0|.............000 000 0|
|0|.............000 000 0|
|0|.............000 000 0|
|0|.............000 000 0|
|0|.............000 000 0|
|0|.............000 000 0|
|0|.............000 000 0|
|0|.............000 000 0|
|0|.............000 000 0|
|0|.............000 000 0|
|0|.............000 000 0|
|0|.............000 000 0|
|0|.............000 000 0|
|0|.............000 000 0|
|0|.............000 000 0|
|0|.............000 000 0|
|0|.............000 000 0|
|0|.............000 000 0|
|0|.............000 000 0|
|0|.............000 000 0|
|0|.............000 000 0|
|0|.............000 000 0|
|0|.............000 000 0|
|0|.............000 000 0|
|0|.............000 000 0|
|0|.............000 000 0|
|0|.............000 000 0|
|0|.............000 000 0|
|0|.............000 000 0|
|0|.............000 000 0|
|0|.............000 000 0|
|0|.............000 000 0|
|0|.............000 000 0|
|0|.............000 000 0|
|0|.............000 000 0|
|0|.............000 000 0|
|0|.............000 000 0|
|0|.............000 000 0|
|0|.............000 000 0|
|0|.............000 000 0|
|0|.............000 000 0|
|0|.............000 000 0|
|0|.............000 000 0|
|0|.............000 000 0|
|0|.............000 000 0|
|0|.............000 000 0|
|0|.............000 000 0|
|0|.............000 000 0|
|0|.............000 000 0|
|0|.............000 000 0|
|0|.............000 000 0|
|0|.............000 000 0|
|0|.............000 000 0|
|0|.............000 000 0|
|0|.............000 000 0|
|0|.............000 000 0|
|0|.............000 000 0|
|0|.............000 000 0|
|0|.............000 000 0|
|0|.............000 000 0|
|0|.............000 000 0|
|0|.............000 000 0|
|0|.............000 000 0|
|0|.............000 000 0|
|0|.............000 000 0|
|0|.............000 000 0|
|0|.............000 000 0|
|0|.............000 000 0|
|0|.............000 000 0|
|0|.............000 000 0|
|0|.............000 000 0|
|0|.............000 000 0|
|0|.............000 000 0|
|0|.............000 000 0|
|0|.............000 000 0|
|0|.............000 000 0|
|0|.............000 000 0|
|0|.............000 000 0|
|0|.............000 000 0|
|0|.............000 000 0|
|0|.............000 000 0|
|0|.............000 000 0|
|0|.............000 000 0|
|0|.............000 000 0|
|0|.............000 000 0|
|0|.............000 000 0|
|0|.............000 000 0|
|0|.............000 000 0|
|0|.............000 000 0|
|0|.............000 000 0|
|0|.............000 000 0|
|0|.............000 000 0|
|0|.............000 000 0|
|0|.............000 000 0|
|0|.............000 000 0|
|0|.............000 000 0|
|0|.............000 000 0|
|0|.............000 000 0|
|0|.............000 000 0|
|0|.............000 000 0|
|0|.............000 000 0|
|0|.............000 000 0|
|0|.............000 000 0|
|0|.............000 000 0|
|0|.............000 000 0|
|0|.............000 000 0|
|0|.............000 000 0|
|0|.............000 000 0|
|0|.............000 000 0|
|0|.............000 000 0|
|0|.............000 000 0|
|0|.............000 000 0|
|0|.............000 000 0|
|0|.............000 000 0|
|0|.............000 000 0|
|0|.............000 000 0|
|0|.............000 000 0|
|0|.............000 000 0|
|0|.............000 000 0|
|0|.............000 000 0|
|0|.............000 000 0|
|0|.............000 000 0|
|0|.............000 000 0|
|0|.............000 000 0|
|0|.............000 000 0|
|0|.............000 000 0|
|0|.............000 000 0|
|0|.............000 000 0|
|0|.............000 000 0|
|0|.............000 000 0|
|0|.............000 000 0|
|0|.............000 000 0|
|0|.............000 000 0|
|0|.............000 000 0|
|0|.............000 000 0|
|0|.............000 000 0|
|0|.............000 000 0|
|0|.............000 000 0|
|0|.............000 000 0|
|0|.............000 000 0|
|0|.............000 000 0|
|0|.............000 000 0|
|0|.............000 000 0|
|0|.............000 000 0|
|0|.............000 000 0|
|0|.............000 000 0|
|0|.............000 000 0|
|0|.............000 000 0|
|0|.............000 000 0|
|0|.............000 000 0|
|0|.............000 000 0|
|0|.............000 000 0|
|0|.............000 000 0|
|0|.............000 000 0|
|0|.............000 000 0|
|0|.............000 000 0|
|0|.............000 000 0|
|0|.............000 000 0|
|0|.............000 000 0|
|0|.............000 000 0|
|0|.............000 000 0|
|0|.............000 000 0|
|0|.............000 000 0|
|0|.............000 000 0|
|0|.............000 000 0|
|0|.............000 000 0|
|0|.............000 000 0|
|0|.............000 000 0|
|0|.............000 000 0|
|0|.............000 000 0|
|0|.............000 000 0|
|0|.............000 000 0|
|0|.............000 000 0|
|0|.............000 000 0|
|0|.............000 000 0|
|0|.............000 000 0|
|0|.............000 000 0|
|0|.............000 000 0|
|0|.............000 000 0|
|0|.............000 000 0|
|0|.............000 000 0|
|0|.............000 000 0|
|0|.............000 000 0|
|0|.............000 000 0|
|0|.............000 000 0|
|0|.............000 000 0|
|0|.............000 000 0|
|0|.............000 000 0|
|0|.............000 000 0|
|0|.............000 000 0|
|0|.............000 000 0|
|0|.............000 000 0|
|0|.............000 000 0|
|0|.............000 000 0|
|0|.............000 000 0|
|0|.............000 000 0|
|0|.............000 000 0|
|0|.............000 000 0|
|0|.............000 000 0|
|0|.............000 000 0|
|0|.............000 000 0|
|0|.............000 000 0|
|0|.............000 000 0|
|0|.............000 000 0|
|0|.............000 000 0|
|0|.............000 000 0|
|0|.............000 000 0|
|0|.............000 000 0|
|0|.............000 000 0|
|0|.............000 000 0|
|0|.............000 000 0|
|0|.............000 000 0|
|0|.............000 000 0|
|0|.............000 000 0|
|0|.............000 000 0|
|0|.............000 000 0|
|0|.............000 000 0|
|0|.............000 000 0|
|0|.............000 000 0|
|0|.............000 000 0|
|0|.............000 000 0|
|0|.............000 000 0|
|0|.............172 120 1|
|0|.............172 120 1| * select "OK" in hint dialog *
|0|.............000 000 0|
|0|.............000 000 0|
|0|.............000 000 0|
|0|.............000 000 0|
|0|.............000 000 0|
|0|.............000 000 0|
|0|.............000 000 0|
|0|.............000 000 0|
|0|.............000 000 0|
|0|.............000 125 1| * run left against the wall *
|0|.............000 125 1|
|0|.............000 125 1|
|0|.............000 125 1|
|0|.............000 125 1|
|0|.............000 125 1|
|0|.............000 125 1|
|0|.............000 125 1|
|0|.............000 125 1|
|0|.............000 125 1|
|0|.............000 125 1|
|0|.............000 125 1|
|0|.............000 125 1|
|0|.............000 125 1|
|0|.............000 125 1|
|0|.............000 125 1|
|0|.............000 125 1|
|0|.............000 125 1|
|0|.............000 125 1|
|0|.............000 125 1|
|0|.............000 125 1|
|0|.............000 125 1|
|0|.............000 125 1|
|0|.............000 125 1|
|0|.............000 125 1|
|0|.............000 125 1|
|0|.............000 125 1|
|0|.............000 125 1|
|0|.............000 125 1|
|0|.............000 125 1|
|0|.............000 125 1|
|0|.............000 125 1|
|0|.............000 125 1|
|0|.............000 125 1|
|0|.............000 125 1|
|0|.............000 125 1|
|0|.............000 125 1|
|0|.............000 125 1|
|0|.............000 125 1|
|0|.............000 125 1|
|0|.............000 125 1|
|0|.............000 125 1|
|0|.............000 125 1|
|0|.............000 125 1|
|0|.............000 125 1|
|0|.............000 125 1|
|0|.............000 125 1|
|0|.............000 125 1|
|0|.............000 125 1|
|0|.............000 125 1|
|0|.............000 125 1|
|0|.............000 125 1|
|0|.............000 125 1|
|0|.............000 125 1|
|0|.............000 125 1|
|0|.............000 125 1|
|0|.............000 125 1|
|0|.............000 125 1|
|0|.............000 125 1|
|0|.............000 125 1|
|0|.............000 125 1|
|0|.............000 125 1|
|0|.............000 125 1|
|0|.............000 125 1|
|0|.............000 125 1|
|0|.............000 125 1|
|0|.............000 125 1|
|0|.............000 125 1|
|0|.............000 125 1|
|0|.............000 125 1|
|0|.............000 125 1|
|0|.............000 125 1|
|0|.............000 125 1|
|0|.............000 125 1|
|0|.............000 125 1|
|0|.............000 125 1|
|0|.............000 125 1|
|0|.............000 125 1|
|0|.............000 125 1|
|0|.............000 125 1|
|0|.............000 125 1|
|0|.............000 125 1|
|0|.............000 125 1|
|0|.............000 125 1|
|0|.............000 125 1|
|0|.............255 125 1| * run a bit to the right *
|0|.............255 125 1|
|0|.............255 125 1|
|0|.............255 125 1|
|0|.............255 125 1|
|0|.............255 125 1|
|0|.............255 125 1|
|0|.............255 125 1|
|0|.............255 125 1|
|0|.............255 125 1|
|0|.............255 125 1|
|0|.............255 125 1|
|0|.............255 125 1|
|0|.............255 125 1|
|0|.............255 125 1|
|0|.............255 125 1|
|0|.............255 125 1|
|0|.............255 125 1|
|0|.............255 125 1|
|0|.............255 125 1|
|0|.............000 000 0|
|0|.............000 000 0|
|0|.............056 021 1| * recenter camera *
|0|.............000 000 0|
|0|.............000 000 0|
|0|.............000 000 0|
|0|.............000 000 0|
|0|.............000 000 0|
|0|.............000 000 0|
|0|.............000 000 0|
|0|.............000 000 0|
|0|.............000 000 0|
|0|.............000 000 0|
|0|.............000 000 0|
|0|.............000 000 0|
|0|.............000 000 0|
|0|.............000 000 0|
|0|.............000 000 0|
|0|.............000 000 0|
|0|.............238 021 1|
|0|.............238 021 1| * open notebook *
|0|.............000 000 0|
|0|.............000 000 0|
|0|.............000 000 0|
|0|.............000 000 0|
|0|.............000 000 0|
|0|.............000 000 0|
|0|.............000 000 0|
|0|.............000 000 0|
|0|.............000 000 0|
|0|.............000 000 0|
|0|.............000 000 0|
|0|.............000 000 0|
|0|.............000 000 0|
|0|.............000 000 0|
|0|.............000 000 0|
|0|.............000 000 0|
|0|.............000 000 0|
|0|.............000 000 0|
|0|.............000 000 0|
|0|.............000 000 0|
|0|.............000 000 0|
|0|.............000 000 0|
|0|.............000 000 0|
|0|.............000 000 0|
|0|.............000 000 0|
|0|.............000 000 0|
|0|.............000 000 0|
|0|.............000 000 0|
|0|.............000 000 0|
|0|.............000 000 0|
|0|.............000 000 0|
|0|.............000 000 0|
|0|.............000 000 0|
|0|.............000 000 0|
|0|.............000 000 0|
|0|.............000 000 0|