|0|.............048 098 1|
|0|.............000 000 0|
|0|.............000 000 0|
|0|.............174 132 1|
|0|.............000 000 0|
|0|.............000 000 0|
|0|.............118 062 1|
|0|.............000 000 0|
|0|.............000 000 0|
|0|.............180 062 1|
|0|.............000 000 0|
|0|.............000 000 0|
|0|.............130 132 1|
|0|.............000 000 0|
|0|.............000 000 0|
|0|.............076 062 1|
|0|.............000 000 0|
|0|.............000 000 0|
|0|.............174 132 1|
|0|.............000 000 0|
|0|.............000 000 0|
|0|.............202 062 1|
|0|.............000 000 0|
|0|.............000 000 0|
|0|.............194 132 1|
|0|.............000 000 0|
|0|.............000 000 0|
|0|.............242 176 1|
|0|.............000 000 0| * ANTIVENOM has been typed *
|0|.............000 000 0|
|0|.............000 000 0|
|0|.............000 000 0|
|0|.............000 000 0|
|0|.............000 000 0|
|0|.............000 000 0|
|0|.............000 000 0|
|0|.............000 000 0|
|0|.............000 000 0|
|0|.............000 000 0|
|0|.............000 000 0|
|0|.............000 000 0|
|0|.............000 000 0|
|0|.............000 000 0|
|0|.............000 000 0|
|0|.............000 000 0|
|0|.............000 000 0|
|0|.............000 000 0|
|0|.............000 000 0|
|0|.............000 000 0|
|0|.............000 000 0|
|0|.............000 000 0|
|0|.............000 000 0|
|0|.............000 000 0|
|0|.............000 000 0|
|0|.............000 000 0|
|0|.............000 000 0|
|0|.............000 000 0|
|0|.............000 000 0|
|0|.............000 000 0|
|0|.............000 000 0|
|0|.............000 000 0|
|0|.............000 000 0|
|0|.............000 000 0|
|0|.............000 000 0|
|0|.............000 000 0|
|0|.............000 000 0|
|0|.............000 000 0|
|0|.............000 000 0|
|0|.............000 000 0|
|0|.............000 000 0|
|0|.............128 083 1|
|0|.............128 083 1|
|0|.............255 118 1|
|0|.............255 118 1|
|0|.............255 118 1|
|0|.............255 118 1|
|0|.............255 118 1|
|0|.............255 118 1|
|0|.............255 118 1|
|0|.............255 118 1|
|0|.............255 118 1|
|0|.............255 118 1|
|0|.............255 118 1|
|0|.............255 118 1|
|0|.............255 118 1|
|0|.............255 118 1|
|0|.............255 118 1|
|0|.............255 118 1|
|0|.............086 141 1|
|0|.............086 141 1|
|0|.............086 141 1|
|0|.............046 141 1|
|0|.............000 000 0|
|0|.............000 000 0|
|0|.............000 000 0|
|0|.............000 000 0|
|0|.............162 155 1|
|0|.............162 155 1|
|0|.............000 000 0|
|0|.............000 000 0|
|0|.............000 000 0|
|0|.............000 000 0|
|0|.............000 000 0|
|0|.............132 035 1|
|0|.............000 000 0|
|0|.............000 000 0|
|0|.............000 000 0|
|0|.............000 000 0|
|0|.............000 000 0|
|0|.............000 000 0|
|0|.............000 000 0|
|0|.............000 000 0|
|0|.............000 000 0|
|0|.............000 000 0|
|0|.............000 000 0|
|0|.............000 000 0|
|0|.............000 000 0|
|0|.............000 000 0|
|0|.............000 000 0|
|0|.............000 000 0|
|0|.............000 000 0|
|0|.............000 000 0|
|0|.............000 000 0|
|0|.............000 000 0|
|0|.............000 000 0|
|0|.............000 000 0|
|0|.............000 000 0|
|0|.............000 000 0|
|0|.............000 000 0|
|0|.............000 000 0|
|0|.............000 000 0|
|0|.............000 000 0|
|0|.............000 000 0|
|0|.............000 000 0|
|0|.............000 000 0|
|0|.............000 000 0|
|0|.............000 000 0|
|0|.............000 000 0|
|0|.............000 000 0|
|0|.............000 000 0|
|0|.............000 000 0|
|0|.............000 000 0|
|0|.............000 000 0|
|0|.............000 000 0|
|0|.............000 000 0|
|0|.............000 000 0|
|0|.............000 000 0|
|0|.............000 000 0|
|0|.............000 000 0|
|0|.............000 000 0|
|0|.............000 000 0|
|0|.............000 000 0|
|0|.............000 000 0|
|0|.............000 000 0|
|0|.............000 000 0|
|0|.............000 000 0|
|0|.............000 000 0|
|0|.............000 000 0|
|0|.............000 000 0|
|0|.............000 000 0|
|0|.............000 000 0|
|0|.............000 000 0|
|0|.............000 000 0|
|0|.............000 000 0|
|0|.............000 000 0|
|0|.............000 000 0|
|0|.............000 000 0|
|0|.............000 000 0|
|0|.............000 000 0|
|0|.............000 000 0|
|0|.............000 000 0|
|0|.............000 000 0|
|0|.............000 000 0|
|0|.............000 000 0|
|0|.............000 000 0|
|0|.............000 000 0|
|0|.............000 000 0|
|0|.............000 000 0|
|0|.............000 000 0|
|0|.............000 000 0|
|0|.............000 000 0|
|0|.............000 000 0|
|0|.............000 000 0|
|0|.............000 000 0|
|0|.............000 000 0|
|0|.............000 000 0|
|0|.............000 000 0|
|0|.............000 000 0|
|0|.............000 000 0|
|0|.............000 000 0|
|0|.............000 000 0|
|0|.............000 000 0|
|0|.............000 000 0|
|0|.............000 000 0|
|0|.............000 000 0|
|0|.............000 000 0|
|0|.............000 000 0|
|0|.............000 000 0|
|0|.............000 000 0|
|0|.............000 000 0|
|0|.............000 000 0|
|0|.............000 000 0|
|0|.............000 000 0|
|0|.............000 000 0|
|0|.............000 000 0|
|0|.............000 000 0|
|0|.............255 156 1|
|0|.............255 156 1|
|0|.............255 156 1|
|0|.............255 156 1|
|0|.............255 156 1|
|0|.............255 156 1|
|0|.............255 156 1|
|0|.............255 156 1|
|0|.............255 156 1|
|0|.............255 156 1|
|0|.............255 156 1|
|0|.............255 156 1|
|0|.............255 156 1|
|0|.............255 156 1|
|0|.............255 156 1|
|0|.............255 156 1|
|0|.............255 156 1|
|0|.............255 156 1|
|0|.............255 156 1|
|0|.............255 156 1|
|0|.............255 156 1|
|0|.............255 156 1|
|0|.............255 156 1|
|0|.............255 156 1|
|0|.............255 156 1|
|0|.............255 156 1|
|0|.............255 156 1|
|0|.............255 156 1|
|0|.............255 156 1|
|0|.............255 156 1|
|0|.............255 156 1|
|0|.............255 156 1|
|0|.............255 156 1|
|0|.............255 156 1|
|0|.............255 156 1|
|0|.............255 156 1|
|0|.............255 156 1|
|0|.............255 156 1|
|0|.............255 156 1|
|0|.............255 156 1|
|0|.............255 156 1|
|0|.............255 156 1|
|0|.............255 156 1|
|0|.............255 156 1|
|0|.............255 156 1|
|0|.............255 156 1|
|0|.............255 156 1|
|0|.............255 156 1|
|0|.............255 156 1|
|0|.............255 156 1|
|0|.............255 156 1|
|0|.............255 156 1|
|0|.............255 156 1|
|0|.............255 156 1|
|0|.............255 156 1|
|0|.............255 156 1|
|0|.............255 156 1|
|0|.............255 156 1|
|0|.............255 156 1|
|0|.............255 156 1|
|0|.............255 156 1|
|0|.............255 156 1|
|0|.............255 156 1|
|0|.............255 156 1|
|0|.............255 156 1|
|0|.............255 156 1|
|0|.............255 156 1|
|0|.............255 156 1|
|0|.............255 156 1|
|0|.............255 156 1|
|0|.............255 156 1|
|0|.............255 156 1|
|0|.............255 156 1|
|0|.............255 156 1|
|0|.............255 156 1|
|0|.............255 156 1|
|0|.............255 156 1|
|0|.............255 156 1|
|0|.............255 156 1|
|0|.............255 156 1|
|0|.............255 156 1|
|0|.............255 156 1|
|0|.............255 156 1|
|0|.............255 156 1|
|0|.............255 156 1|
|0|.............255 156 1|
|0|.............255 156 1|
|0|.............255 156 1|
|0|.............255 156 1|
|0|.............255 156 1|
|0|.............255 156 1|
|0|.............255 156 1|
|0|.............255 156 1|
|0|.............255 156 1|
|0|.............255 156 1|
|0|.............255 156 1|
|0|.............255 156 1|
|0|.............255 156 1|
|0|.............255 156 1|
|0|.............255 156 1|
|0|.............255 156 1|
|0|.............255 156 1|
|0|.............255 156 1|
|0|.............255 156 1|
|0|.............255 156 1|
|0|.............255 156 1|
|0|.............255 156 1|
|0|.............255 156 1|
|0|.............255 156 1|
|0|.............255 156 1|
|0|.............255 156 1|
|0|.............255 156 1|
|0|.............255 156 1|
|0|.............255 156 1|
|0|.............255 156 1|
|0|.............255 156 1|
|0|.............255 156 1|
|0|.............255 156 1|
|0|.............255 156 1|
|0|.............255 156 1|
|0|.............255 156 1|
|0|.............255 156 1|
|0|.............255 156 1|
|0|.............255 156 1|
|0|.............255 156 1|
|0|.............255 156 1|
|0|.............255 156 1|
|0|.............255 156 1|
|0|.............255 156 1|
|0|.............255 156 1|
|0|.............255 156 1|
|0|.............255 156 1|
|0|.............255 156 1|
|0|.............255 156 1|
|0|.............255 156 1|
|0|.............255 156 1|
|0|.............255 156 1|
|0|.............255 156 1|
|0|.............255 156 1|
|0|.............255 156 1|
|0|.............255 156 1|
|0|.............255 156 1|
|0|.............255 156 1|
|0|.............255 156 1|
|0|.............255 156 1|
|0|.............255 156 1|
|0|.............255 156 1|
|0|.............255 156 1|
|0|.............255 156 1|
|0|.............255 156 1|
|0|.............255 156 1|
|0|.............255 156 1|
|0|.............255 156 1|
|0|.............255 156 1|
|0|.............255 156 1|
|0|.............255 156 1|
|0|.............255 156 1|
|0|.............255 156 1|
|0|.............255 156 1|
|0|.............255 156 1|
|0|.............255 156 1|
|0|.............255 156 1|
|0|.............255 156 1|
|0|.............255 156 1|
|0|.............255 156 1|
|0|.............255 156 1|
|0|.............255 156 1|
|0|.............255 156 1|
|0|.............255 156 1|
|0|.............255 156 1|
|0|.............255 156 1|
|0|.............255 156 1|
|0|.............255 156 1|
|0|.............000 000 0|
|0|.............000 000 0|
|0|.............000 000 0|
|0|.............000 000 0|
|0|.............000 000 0|
|0|.............000 000 0|
|0|.............000 000 0|
|0|.............000 000 0|
|0|.............000 000 0|
|0|.............000 000 0|
|0|.............000 000 0|
|0|.............000 000 0|
|0|.............000 000 0|
|0|.............000 000 0|
|0|.............000 000 0|
|0|.............000 000 0|
|0|.............000 000 0|
|0|.............000 000 0|
|0|.............000 000 0|
|0|.............000 000 0|
|0|.............000 000 0|
|0|.............000 000 0|
|0|.............000 000 0|
|0|.............000 000 0|
|0|.............000 000 0|
|0|.............000 000 0|
|0|.............000 000 0|
|0|.............000 000 0|
|0|.............000 000 0|
|0|.............000 000 0|
|0|.............000 000 0|
|0|.............000 000 0|
|0|.............000 000 0|
|0|.............000 000 0|
|0|.............000 000 0|
|0|.............000 000 0|
|0|.............000 000 0|
|0|.............000 000 0|
|0|.............000 000 0|
|0|.............000 000 0|
|0|.............000 000 0|
|0|.............000 000 0|
|0|.............000 000 0|
|0|.............000 000 0|
|0|.............000 000 0|
|0|.............000 000 0|
|0|.............000 000 0|
|0|.............000 000 0|
|0|.............000 000 0|
|0|.............000 000 0|
|0|.............000 000 0|
|0|.............000 000 0|
|0|.............000 000 0|
|0|.............000 000 0|
|0|.............000 000 0|
|0|.............000 000 0|
|0|.............000 000 0|
|0|.............000 000 0|
|0|.............000 000 0|
|0|.............000 000 0|
|0|.............000 000 0|
|0|.............000 000 0|
|0|.............000 000 0|
|0|.............000 000 0|
|0|.............000 000 0|
|0|.............000 000 0|
|0|.............000 000 0|
|0|.............000 000 0|
|0|.............000 000 0|
|0|.............000 000 0|
|0|.............000 000 0|
|0|.............000 000 0|
|0|.............000 000 0|
|0|.............000 000 0|
|0|.............000 000 0|
|0|.............000 000 0|
|0|.............000 000 0|
|0|.............000 000 0|
|0|.............000 000 0|
|0|.............000 000 0|
|0|.............000 000 0|
|0|.............000 000 0|
|0|.............000 000 0|
|0|.............000 000 0|
|0|.............000 000 0|
|0|.............000 000 0|
|0|.............000 000 0|
|0|.............000 000 0|
|0|.............000 000 0|
|0|.............000 000 0|
|0|.............000 000 0|
|0|.............000 000 0|
|0|.............000 000 0|
|0|.............000 000 0|
|0|.............000 000 0|
|0|.............000 000 0|
|0|.............000 000 0|
|0|.............000 000 0|
|0|.............000 000 0|
|0|.............000 000 0|
|0|.............000 000 0|
|0|.............000 000 0|
|0|.............000 000 0|
|0|.............000 000 0|
|0|.............000 000 0|
|0|.............000 000 0|
|0|.............000 000 0|
|0|.............000 000 0|
|0|.............000 000 0|
|0|.............000 000 0|
|0|.............000 000 0|
|0|.............000 000 0|
|0|.............000 000 0|
|0|.............000 000 0|
|0|.............000 000 0|
|0|.............000 000 0|
|0|.............000 000 0|
|0|.............000 000 0|
|0|.............000 000 0|
|0|.............000 000 0|
|0|.............000 000 0|
|0|.............000 000 0|
|0|.............000 000 0|
|0|.............000 000 0|
|0|.............000 000 0|
|0|.............000 000 0|
|0|.............000 000 0|
|0|.............000 000 0|
|0|.............000 000 0|
|0|.............000 000 0|
|0|.............000 000 0|
|0|.............000 000 0|
|0|.............000 000 0|
|0|.............000 000 0|
|0|.............000 000 0|
|0|.............000 000 0|
|0|.............000 000 0|
|0|.............000 000 0|
|0|.............000 000 0|
|0|.............000 000 0|
|0|.............000 000 0|
|0|.............000 000 0|
|0|.............000 000 0|
|0|.............000 000 0|
|0|.............000 000 0|
|0|.............000 000 0|
|0|.............000 000 0|
|0|.............000 000 0|
|0|.............000 000 0|
|0|.............000 000 0|
|0|.............000 000 0|
|0|.............000 000 0|
|0|.............000 000 0|
|0|.............000 000 0|
|0|.............000 000 0|
|0|.............000 000 0|
|0|.............000 000 0|
|0|.............000 000 0|
|0|.............000 000 0|
|0|.............000 000 0|
|0|.............000 000 0|
|0|.............000 000 0|
|0|.............000 000 0|
|0|.............000 000 0|
|0|.............000 000 0|
|0|.............000 000 0|
|0|.............000 000 0|
|0|.............000 000 0|
|0|.............000 000 0|
|0|.............000 000 0|
|0|.............000 000 0|
|0|.............000 000 0|
|0|.............000 000 0|
|0|.............000 000 0|
|0|.............000 000 0|
|0|.............000 000 0|
|0|.............000 000 0|
|0|.............000 000 0|
|0|.............000 000 0|
|0|.............000 000 0|
|0|.............000 000 0|
|0|.............000 000 0|
|0|.............000 000 0|
|0|.............000 000 0|
|0|.............000 000 0|
|0|.............000 000 0|
|0|.............000 000 0|
|0|.............000 000 0|
|0|.............000 000 0|
|0|.............000 000 0|
|0|.............000 000 0|
|0|.............000 000 0|
|0|.............000 000 0|
|0|.............000 000 0|
|0|.............000 000 0|
|0|.............000 000 0|
|0|.............000 000 0|
|0|.............000 000 0|
|0|.............000 000 0|
|0|.............000 000 0|
|0|.............000 000 0|
|0|.............000 000 0|
|0|.............000 000 0|
|0|.............000 000 0|
|0|.............000 000 0|
|0|.............000 000 0|
|0|.............000 000 0|
|0|.............000 000 0|
|0|.............000 000 0|
|0|.............000 000 0|
|0|.............000 000 0|
|0|.............000 000 0|
|0|.............000 000 0|
|0|.............000 000 0|
|0|.............000 000 0|
|0|.............000 000 0|
|0|.............000 000 0|
|0|.............000 000 0|
|0|.............000 000 0|
|0|.............000 000 0|
|0|.............000 000 0|
|0|.............000 000 0|
|0|.............000 000 0|
|0|.............000 000 0|
|0|.............000 000 0|
|0|.............000 000 0|
|0|.............000 000 0|
|0|.............000 000 0|
|0|.............000 000 0|
|0|.............000 000 0|
|0|.............000 000 0|
|0|.............000 000 0|
|0|.............000 000 0|
|0|.............000 000 0|
|0|.............000 000 0|
|0|.............000 000 0|
|0|.............000 000 0|
|0|.............000 000 0|
|0|.............000 000 0|
|0|.............000 000 0|
|0|.............000 000 0|
|0|.............000 000 0|
|0|.............000 000 0|
|0|.............000 000 0|
|0|.............000 000 0|
|0|.............000 000 0|
|0|.............000 000 0|
|0|.............000 000 0|
|0|.............000 000 0|
|0|.............000 000 0|
|0|.............000 000 0|
|0|.............000 000 0|
|0|.............000 000 0|
|0|.............000 000 0|
|0|.............000 000 0|
|0|.............000 000 0|
|0|.............000 000 0|
|0|.............000 000 0|
|0|.............000 000 0|
|0|.............000 000 0|
|0|.............206 128 1|
|0|.............206 128 1|
|0|.............000 000 0|
|0|.............255 155 1|
|0|.............255 155 1|
|0|.............255 155 1|
|0|.............255 155 1|
|0|.............255 155 1|
|0|.............255 155 1|
|0|.............255 155 1|
|0|.............255 155 1|
|0|.............255 155 1|
|0|.............255 155 1|
|0|.............255 155 1|
|0|.............255 155 1|
|0|.............255 155 1|
|0|.............255 155 1|
|0|.............255 155 1|
|0|.............255 155 1|
|0|.............255 155 1|
|0|.............255 155 1|
|0|.............255 155 1|
|0|.............255 155 1|
|0|.............255 155 1|
|0|.............255 155 1|
|0|.............255 155 1|
|0|.............255 155 1|
|0|.............255 155 1|
|0|.............255 155 1|
|0|.............255 155 1|
|0|.............255 155 1|
|0|.............255 155 1|
|0|.............255 155 1|
|0|.............255 155 1|
|0|.............255 155 1|
|0|.............255 155 1|
|0|.............255 155 1|
|0|.............255 155 1|
|0|.............255 155 1|
|0|.............255 155 1|
|0|.............255 155 1|
|0|.............255 155 1|
|0|.............255 155 1|
|0|.............255 155 1|
|0|.............255 155 1|
|0|.............255 155 1|
|0|.............255 155 1|
|0|.............255 155 1|
|0|.............255 155 1|
|0|.............255 155 1|
|0|.............255 155 1|
|0|.............255 155 1|
|0|.............255 155 1|
|0|.............255 155 1|
|0|.............255 155 1|
|0|.............255 155 1|
|0|.............255 155 1|
|0|.............255 155 1|
|0|.............255 155 1|
|0|.............255 155 1|
|0|.............255 155 1|
|0|.............255 155 1|
|0|.............255 155 1|
|0|.............255 155 1|
|0|.............255 155 1|
|0|.............255 155 1|
|0|.............255 155 1|
|0|.............255 155 1|
|0|.............255 155 1|
|0|.............255 155 1|
|0|.............255 155 1|
|0|.............255 155 1|
|0|.............255 155 1|
|0|.............255 155 1|
|0|.............255 155 1|
|0|.............255 155 1|
|0|.............255 155 1|
|0|.............255 155 1|
|0|.............255 155 1|
|0|.............255 155 1|
|0|.............255 155 1|
|0|.............255 155 1|
|0|.............255 155 1|
|0|.............255 155 1|
|0|.............255 155 1|
|0|.............255 155 1|
|0|.............255 155 1|
|0|.............255 155 1|
|0|.............255 155 1|
|0|.............255 155 1|
|0|.............255 155 1|
|0|.............255 155 1|
|0|.............255 155 1|
|0|.............255 155 1|
|0|.............255 155 1|
|0|.............255 155 1|
|0|.............255 155 1|
|0|.............255 155 1|
|0|.............255 155 1|
|0|.............255 155 1|
|0|.............255 155 1|
|0|.............255 155 1|
|0|.............255 155 1|
|0|.............255 155 1|
|0|.............255 155 1|
|0|.............255 155 1|
|0|.............255 155 1|
|0|.............255 155 1|
|0|.............255 155 1|
|0|.............255 155 1|
|0|.............255 155 1|
|0|.............255 155 1|
|0|.............255 155 1|
|0|.............255 155 1|
|0|.............255 155 1|
|0|.............255 155 1|
|0|.............255 155 1|
|0|.............255 155 1|
|0|.............255 155 1|
|0|.............255 155 1|
|0|.............255 155 1|
|0|.............255 155 1|
|0|.............255 155 1|
|0|.............255 155 1|
|0|.............255 155 1|
|0|.............255 155 1|
|0|.............255 155 1|
|0|.............255 155 1|
|0|.............255 155 1|
|0|.............255 155 1|
|0|.............255 155 1|
|0|.............255 155 1|
|0|.............255 155 1|
|0|.............255 155 1|
|0|.............255 155 1|
|0|.............255 155 1|
|0|.............255 155 1|
|0|.............255 155 1|
|0|.............255 155 1|
|0|.............255 155 1|
|0|.............255 155 1|
|0|.............255 155 1|
|0|.............255 155 1|
|0|.............255 155 1|
|0|.............255 155 1|
|0|.............255 155 1|
|0|.............255 155 1|
|0|.............255 155 1|
|0|.............255 155 1|
|0|.............255 155 1|
|0|.............255 155 1|
|0|.............255 155 1|
|0|.............255 155 1|
|0|.............255 155 1|
|0|.............255 155 1|
|0|.............255 155 1|
|0|.............255 155 1|
|0|.............255 155 1|
|0|.............255 155 1|
|0|.............255 155 1|
|0|.............255 155 1|
|0|.............255 155 1|
|0|.............255 155 1|
|0|.............255 155 1|
|0|.............255 155 1|
|0|.............255 155 1|
|0|.............255 155 1|
|0|.............255 155 1|
|0|.............255 155 1|
|0|.............255 155 1|
|0|.............255 155 1|
|0|.............255 155 1|
|0|.............255 155 1|
|0|.............255 155 1|
|0|.............255 155 1|
|0|.............255 155 1|
|0|.............255 155 1|
|0|.............255 155 1|
|0|.............255 155 1|
|0|.............255 155 1|
|0|.............255 155 1|
|0|.............255 155 1|
|0|.............255 155 1|
|0|.............255 155 1|
|0|.............255 155 1|
|0|.............255 155 1|
|0|.............255 155 1|
|0|.............255 155 1|
|0|.............255 155 1|
|0|.............255 155 1|
|0|.............255 155 1|
|0|.............255 155 1|
|0|.............255 155 1|
|0|.............255 155 1|
|0|.............255 155 1|
|0|.............255 155 1|
|0|.............255 155 1|
|0|.............255 155 1|
|0|.............255 155 1|
|0|.............255 155 1|
|0|.............255 155 1|
|0|.............255 155 1|
|0|.............255 155 1|
|0|.............255 155 1|
|0|.............255 155 1|
|0|.............255 155 1|
|0|.............255 155 1|
|0|.............255 155 1|
|0|.............255 155 1|
|0|.............255 155 1|
|0|.............255 155 1|
|0|.............255 155 1|
|0|.............255 155 1|
|0|.............255 155 1|
|0|.............255 155 1|
|0|.............255 155 1|
|0|.............255 155 1|
|0|.............255 155 1|
|0|.............255 155 1|
|0|.............255 155 1|
|0|.............255 155 1|
|0|.............255 155 1|
|0|.............255 155 1|
|0|.............255 155 1|
|0|.............255 155 1|
|0|.............255 155 1|
|0|.............255 155 1|
|0|.............255 155 1|
|0|.............255 155 1|
|0|.............000 000 0|
|0|.............000 000 0|
|0|.............000 000 0|
|0|.............000 000 0|
|0|.............000 000 0|
|0|.............000 000 0|
|0|.............000 000 0|
|0|.............000 000 0|
|0|.............000 000 0|
|0|.............000 000 0|
|0|.............000 000 0|
|0|.............000 000 0|
|0|.............236 021 1|
|0|.............236 021 1| * Open notebook *
|0|.............000 000 0|
|0|.............000 000 0|
|0|.............000 000 0|
|0|.............000 000 0|
|0|.............000 000 0|
|0|.............000 000 0|
|0|.............000 000 0|
|0|.............000 000 0|
|0|.............000 000 0|
|0|.............000 000 0|
|0|.............000 000 0|
|0|.............000 000 0|
|0|.............000 000 0|
|0|.............000 000 0|
|0|.............000 000 0|
|0|.............000 000 0|
|0|.............000 000 0|
|0|.............000 000 0|
|0|.............000 000 0|
|0|.............000 000 0|
|0|.............000 000 0|
|0|.............000 000 0|
|0|.............000 000 0|
|0|.............000 000 0|
|0|.............000 000 0|
|0|.............000 000 0|
|0|.............000 000 0|
|0|.............000 000 0|
|0|.............000 000 0|
|0|.............000 000 0|
|0|.............000 000 0|
|0|.............000 000 0|
|0|.............000 000 0|
|0|.............000 000 0|
|0|.............000 000 0|
|0|.............000 000 0|
