|0|.............070 098 1|
|0|.............000 000 0|
|0|.............000 000 0|
|0|.............180 062 1|
|0|.............000 000 0|
|0|.............000 000 0|
|0|.............110 132 1|
|0|.............000 000 0|
|0|.............000 000 0|
|0|.............196 098 1|
|0|.............000 000 0|
|0|.............000 000 0|
|0|.............216 098 1|
|0|.............000 000 0|
|0|.............000 000 0|
|0|.............140 062 1|
|0|.............000 000 0|
|0|.............000 000 0|
|0|.............160 176 1|
|0|.............000 000 0|
|0|.............000 000 0|
|0|.............132 098 1|
|0|.............000 000 0|
|0|.............000 000 0|
|0|.............096 062 1|
|0|.............000 000 0|
|0|.............000 000 0|
|0|.............076 062 1|
|0|.............000 000 0|
|0|.............000 000 0|
|0|.............076 062 1|
|0|.............000 000 0|
|0|.............000 000 0|
|0|.............174 132 1|
|0|.............000 000 0|
|0|.............000 000 0|
|0|.............160 176 1|
|0|.............000 000 0|
|0|.............000 000 0|
|0|.............222 062 1|
|0|.............000 000 0|
|0|.............000 000 0|
|0|.............048 098 1|
|0|.............000 000 0|
|0|.............000 000 0|
|0|.............180 062 1|
|0|.............000 000 0|
|0|.............000 000 0|
|0|.............174 132 1|
|0|.............000 000 0|
|0|.............000 000 0|
|0|.............118 062 1|
|0|.............000 000 0|
|0|.............000 000 0|
|0|.............152 132 1|
|0|.............000 000 0|
|0|.............000 000 0|
|0|.............096 062 1|
|0|.............000 000 0|
|0|.............000 000 0|
|0|.............160 062 1|
|0|.............000 000 0|
|0|.............000 000 0|
|0|.............070 098 1|
|0|.............000 000 0|
|0|.............000 000 0|
|0|.............154 098 1|
|0|.............000 000 0|
|0|.............000 000 0|
|0|.............242 176 1|
|0|.............000 000 0| * SICKLY GREEN PAINTBRUSH has been typed *
|0|.............000 000 0|
|0|.............000 000 0|
|0|.............000 000 0|
|0|.............000 000 0|
|0|.............000 000 0|
|0|.............000 000 0|
|0|.............000 000 0|
|0|.............000 000 0|
|0|.............000 000 0|
|0|.............000 000 0|
|0|.............000 000 0|
|0|.............000 000 0|
|0|.............000 000 0|
|0|.............000 000 0|
|0|.............000 000 0|
|0|.............000 000 0|
|0|.............000 000 0|
|0|.............000 000 0|
|0|.............000 000 0|
|0|.............000 000 0|
|0|.............000 000 0|
|0|.............000 000 0|
|0|.............000 000 0|
|0|.............000 000 0|
|0|.............000 000 0|
|0|.............000 000 0|
|0|.............000 000 0|
|0|.............000 000 0|
|0|.............000 000 0|
|0|.............000 000 0|
|0|.............000 000 0|
|0|.............000 000 0|
|0|.............000 000 0|
|0|.............000 000 0|
|0|.............000 000 0|
|0|.............000 000 0|
|0|.............000 000 0|
|0|.............000 000 0|
|0|.............000 000 0|
|0|.............000 000 0|
|0|.............000 000 0|
|0|.............000 000 0|
|0|.............000 000 0|
|0|.............000 000 0|
|0|.............000 000 0|
|0|.............000 000 0|
|0|.............000 000 0|
|0|.............000 000 0|
|0|.............000 000 0|
|0|.............000 000 0|
|0|.............000 000 0|
|0|.............126 084 1|
|0|.............126 084 1|
|0|.............255 086 1|
|0|.............255 086 1|
|0|.............255 086 1|
|0|.............255 086 1|
|0|.............255 086 1|
|0|.............255 086 1|
|0|.............255 086 1|
|0|.............255 086 1|
|0|.............255 086 1|
|0|.............255 086 1|
|0|.............255 086 1|
|0|.............255 086 1|
|0|.............255 086 1|
|0|.............255 086 1|
|0|.............255 086 1|
|0|.............255 086 1|
|0|.............072 134 1|
|0|.............072 134 1|
|0|.............072 134 1|
|0|.............072 134 1|
|0|.............072 134 1|
|0|.............072 134 1|
|0|.............072 134 1|
|0|.............072 134 1|
|0|.............072 134 1|
|0|.............072 134 1|
|0|.............072 134 1|
|0|.............072 134 1|
|0|.............000 000 0|
|0|.............000 000 0|
|0|.............000 000 0|
|0|.............000 000 0|
|0|.............000 000 0|
|0|.............134 156 1|
|0|.............134 156 1|
|0|.............000 000 0|
|0|.............000 000 0|
|0|.............000 000 0|
|0|.............000 000 0|
|0|.............000 000 0|
|0|.............000 000 0|
|0|.............124 040 1|
|0|.............000 000 0|
|0|.............000 000 0|
|0|.............000 000 0|
|0|.............000 000 0|
|0|.............000 000 0|
|0|.............000 000 0|
|0|.............000 000 0|
|0|.............000 000 0|
|0|.............000 000 0|
|0|.............000 000 0|
|0|.............000 000 0|
|0|.............000 000 0|
|0|.............000 000 0|
|0|.............000 000 0|
|0|.............000 000 0|
|0|.............000 000 0|
|0|.............000 000 0|
|0|.............000 000 0|
|0|.............000 000 0|
|0|.............000 000 0|
|0|.............000 000 0|
|0|.............000 000 0|
|0|.............000 000 0|
|0|.............000 000 0|
|0|.............000 000 0|
|0|.............000 000 0|
|0|.............000 000 0|
|0|.............000 000 0|
|0|.............000 000 0|
|0|.............000 000 0|
|0|.............000 000 0|
|0|.............000 000 0|
|0|.............000 000 0|
|0|.............000 000 0|
|0|.............000 000 0|
|0|.............000 000 0|
|0|.............000 000 0|
|0|.............000 000 0|
|0|.............000 000 0|
|0|.............000 000 0|
|0|.............000 000 0|
|0|.............000 000 0|
|0|.............000 000 0|
|0|.............000 000 0|
|0|.............000 000 0|
|0|.............000 000 0|
|0|.............000 000 0|
|0|.............000 000 0|
|0|.............000 000 0|
|0|.............000 000 0|
|0|.............000 000 0|
|0|.............000 000 0|
|0|.............000 000 0|
|0|.............000 000 0|
|0|.............000 000 0|
|0|.............000 000 0|
|0|.............000 000 0|
|0|.............000 000 0|
|0|.............000 000 0|
|0|.............000 000 0|
|0|.............000 000 0|
|0|.............000 000 0|
|0|.............000 000 0|
|0|.............000 000 0|
|0|.............000 000 0|
|0|.............000 000 0|
|0|.............000 000 0|
|0|.............000 000 0|
|0|.............000 000 0|
|0|.............000 000 0|
|0|.............000 000 0|
|0|.............000 000 0|
|0|.............000 000 0|
|0|.............000 000 0|
|0|.............000 000 0|
|0|.............000 000 0|
|0|.............000 000 0|
|0|.............000 000 0|
|0|.............000 000 0|
|0|.............000 000 0|
|0|.............000 000 0|
|0|.............000 000 0|
|0|.............000 000 0|
|0|.............000 000 0|
|0|.............000 000 0|
|0|.............000 000 0|
|0|.............000 000 0|
|0|.............000 000 0|
|0|.............000 000 0|
|0|.............000 000 0|
|0|.............000 000 0|
|0|.............000 000 0|
|0|.............000 000 0|
|0|.............000 000 0|
|0|.............000 000 0|
|0|.............000 000 0|
|0|.............000 000 0|
|0|.............000 000 0|
|0|.............000 000 0|
|0|.............000 000 0|
|0|.............000 000 0|
|0|.............000 000 0|
|0|.............000 000 0|
|0|.............000 000 0|
|0|.............000 000 0|
|0|.............000 000 0|
|0|.............000 000 0|
|0|.............000 000 0|
|0|.............000 000 0|
|0|.............000 000 0|
|0|.............000 000 0|
|0|.............000 000 0|
|0|.............000 000 0|
|0|.............000 000 0|
|0|.............000 000 0|
|0|.............000 000 0|
|0|.............000 000 0|
|0|.............000 000 0|
|0|.............000 000 0|
|0|.............000 000 0|
|0|.............000 000 0|
|0|.............000 000 0|
|0|.............000 000 0|
|0|.............000 000 0|
|0|.............000 000 0|
|0|.............000 000 0|
|0|.............000 000 0|
|0|.............000 000 0|
|0|.............000 000 0|
|0|.............000 000 0|
|0|.............000 000 0|
|0|.............000 000 0|
|0|.............000 000 0|
|0|.............000 000 0|
|0|.............000 000 0|
|0|.............000 000 0|
|0|.............000 000 0|
|0|.............000 000 0|
|0|.............000 000 0|
|0|.............000 000 0|
|0|.............000 000 0|
|0|.............000 000 0|
|0|.............000 000 0|
|0|.............000 000 0|
|0|.............000 000 0|
|0|.............000 000 0|
|0|.............000 000 0|
|0|.............000 000 0|
|0|.............000 000 0|
|0|.............000 000 0|
|0|.............000 000 0|
|0|.............000 000 0|
|0|.............255 156 1|
|0|.............255 156 1|
|0|.............255 156 1|
|0|.............255 156 1|
|0|.............255 156 1|
|0|.............255 156 1|
|0|.............255 156 1|
|0|.............255 156 1|
|0|.............255 156 1|
|0|.............255 156 1|
|0|.............255 156 1|
|0|.............255 156 1|
|0|.............255 156 1|
|0|.............255 156 1|
|0|.............255 156 1|
|0|.............255 156 1|
|0|.............255 156 1|
|0|.............255 156 1|
|0|.............255 156 1|
|0|.............255 156 1|
|0|.............255 156 1|
|0|.............255 156 1|
|0|.............255 156 1|
|0|.............255 156 1|
|0|.............255 156 1|
|0|.............255 156 1|
|0|.............255 156 1|
|0|.............255 156 1|
|0|.............255 156 1|
|0|.............255 156 1|
|0|.............255 156 1|
|0|.............255 156 1|
|0|.............255 156 1|
|0|.............255 156 1|
|0|.............255 156 1|
|0|.............255 156 1|
|0|.............255 156 1|
|0|.............255 156 1|
|0|.............255 156 1|
|0|.............255 156 1|
|0|.............255 156 1|
|0|.............255 156 1|
|0|.............255 156 1|
|0|.............255 156 1|
|0|.............255 156 1|
|0|.............255 156 1|
|0|.............255 156 1|
|0|.............255 156 1|
|0|.............255 156 1|
|0|.............255 156 1|
|0|.............255 156 1|
|0|.............255 156 1|
|0|.............255 156 1|
|0|.............255 156 1|
|0|.............255 156 1|
|0|.............255 156 1|
|0|.............255 156 1|
|0|.............255 156 1|
|0|.............255 156 1|
|0|.............255 156 1|
|0|.............255 156 1|
|0|.............255 156 1|
|0|.............255 156 1|
|0|.............255 156 1|
|0|.............255 156 1|
|0|.............255 156 1|
|0|.............255 156 1|
|0|.............255 156 1|
|0|.............255 156 1|
|0|.............255 156 1|
|0|.............255 156 1|
|0|.............255 156 1|
|0|.............255 156 1|
|0|.............255 156 1|
|0|.............255 156 1|
|0|.............255 156 1|
|0|.............255 156 1|
|0|.............255 156 1|
|0|.............255 156 1|
|0|.............255 156 1|
|0|.............255 156 1|
|0|.............255 156 1|
|0|.............255 156 1|
|0|.............255 156 1|
|0|.............255 156 1|
|0|.............255 156 1|
|0|.............255 156 1|
|0|.............255 156 1|
|0|.............255 156 1|
|0|.............255 156 1|
|0|.............255 156 1|
|0|.............255 156 1|
|0|.............255 156 1|
|0|.............255 156 1|
|0|.............255 156 1|
|0|.............255 156 1|
|0|.............255 156 1|
|0|.............255 156 1|
|0|.............255 156 1|
|0|.............255 156 1|
|0|.............255 156 1|
|0|.............255 156 1|
|0|.............255 156 1|
|0|.............255 156 1|
|0|.............255 156 1|
|0|.............255 156 1|
|0|.............255 156 1|
|0|.............255 156 1|
|0|.............255 156 1|
|0|.............255 156 1|
|0|.............255 156 1|
|0|.............255 156 1|
|0|.............255 156 1|
|0|.............255 156 1|
|0|.............255 156 1|
|0|.............255 156 1|
|0|.............255 156 1|
|0|.............255 156 1|
|0|.............255 156 1|
|0|.............255 156 1|
|0|.............255 156 1|
|0|.............255 156 1|
|0|.............255 156 1|
|0|.............255 156 1|
|0|.............255 156 1|
|0|.............255 156 1|
|0|.............255 156 1|
|0|.............255 156 1|
|0|.............255 156 1|
|0|.............255 156 1|
|0|.............255 156 1|
|0|.............255 156 1|
|0|.............255 156 1|
|0|.............255 156 1|
|0|.............255 156 1|
|0|.............255 156 1|
|0|.............255 156 1|
|0|.............255 156 1|
|0|.............255 156 1|
|0|.............255 156 1|
|0|.............255 156 1|
|0|.............255 156 1|
|0|.............255 156 1|
|0|.............255 156 1|
|0|.............255 156 1|
|0|.............255 156 1|
|0|.............255 156 1|
|0|.............255 156 1|
|0|.............255 156 1|
|0|.............255 156 1|
|0|.............255 156 1|
|0|.............255 156 1|
|0|.............255 156 1|
|0|.............255 156 1|
|0|.............255 156 1|
|0|.............255 156 1|
|0|.............255 156 1|
|0|.............255 156 1|
|0|.............255 156 1|
|0|.............255 156 1|
|0|.............255 156 1|
|0|.............255 156 1|
|0|.............255 156 1|
|0|.............255 156 1|
|0|.............255 156 1|
|0|.............255 156 1|
|0|.............255 156 1|
|0|.............255 156 1|
|0|.............255 156 1|
|0|.............255 156 1|
|0|.............255 156 1|
|0|.............255 156 1|
|0|.............255 156 1|
|0|.............255 156 1|
|0|.............255 156 1|
|0|.............255 156 1|
|0|.............255 156 1|
|0|.............255 156 1|
|0|.............255 156 1|
|0|.............255 156 1|
|0|.............255 156 1|
|0|.............255 156 1|
|0|.............255 156 1|
|0|.............255 156 1|
|0|.............255 156 1|
|0|.............255 156 1|
|0|.............255 156 1|
|0|.............255 156 1|
|0|.............255 156 1|
|0|.............255 156 1|
|0|.............255 156 1|
|0|.............255 156 1|
|0|.............255 156 1|
|0|.............255 156 1|
|0|.............255 156 1|
|0|.............255 156 1|
|0|.............255 156 1|
|0|.............000 000 0|
|0|.............000 000 0|
|0|.............000 000 0|
|0|.............000 000 0|
|0|.............000 000 0|
|0|.............000 000 0|
|0|.............000 000 0|
|0|.............000 000 0|
|0|.............000 000 0|
|0|.............000 000 0|
|0|.............000 000 0|
|0|.............000 000 0|
|0|.............000 000 0|
|0|.............000 000 0|
|0|.............000 000 0|
|0|.............000 000 0|
|0|.............000 000 0|
|0|.............000 000 0|
|0|.............000 000 0|
|0|.............000 000 0|
|0|.............000 000 0|
|0|.............000 000 0|
|0|.............000 000 0|
|0|.............000 000 0|
|0|.............000 000 0|
|0|.............000 000 0|
|0|.............000 000 0|
|0|.............000 000 0|
|0|.............000 000 0|
|0|.............000 000 0|
|0|.............000 000 0|
|0|.............000 000 0|
|0|.............000 000 0|
|0|.............000 000 0|
|0|.............000 000 0|
|0|.............000 000 0|
|0|.............000 000 0|
|0|.............000 000 0|
|0|.............000 000 0|
|0|.............000 000 0|
|0|.............000 000 0|
|0|.............000 000 0|
|0|.............000 000 0|
|0|.............000 000 0|
|0|.............000 000 0|
|0|.............000 000 0|
|0|.............000 000 0|
|0|.............000 000 0|
|0|.............000 000 0|
|0|.............000 000 0|
|0|.............000 000 0|
|0|.............000 000 0|
|0|.............000 000 0|
|0|.............000 000 0|
|0|.............000 000 0|
|0|.............000 000 0|
|0|.............000 000 0|
|0|.............000 000 0|
|0|.............000 000 0|
|0|.............000 000 0|
|0|.............000 000 0|
|0|.............000 000 0|
|0|.............000 000 0|
|0|.............000 000 0|
|0|.............000 000 0|
|0|.............000 000 0|
|0|.............000 000 0|
|0|.............000 000 0|
|0|.............000 000 0|
|0|.............000 000 0|
|0|.............000 000 0|
|0|.............000 000 0|
|0|.............000 000 0|
|0|.............000 000 0|
|0|.............000 000 0|
|0|.............000 000 0|
|0|.............000 000 0|
|0|.............000 000 0|
|0|.............000 000 0|
|0|.............000 000 0|
|0|.............000 000 0|
|0|.............000 000 0|
|0|.............000 000 0|
|0|.............000 000 0|
|0|.............000 000 0|
|0|.............000 000 0|
|0|.............000 000 0|
|0|.............000 000 0|
|0|.............000 000 0|
|0|.............000 000 0|
|0|.............000 000 0|
|0|.............000 000 0|
|0|.............000 000 0|
|0|.............000 000 0|
|0|.............000 000 0|
|0|.............000 000 0|
|0|.............000 000 0|
|0|.............000 000 0|
|0|.............000 000 0|
|0|.............000 000 0|
|0|.............000 000 0|
|0|.............000 000 0|
|0|.............000 000 0|
|0|.............000 000 0|
|0|.............000 000 0|
|0|.............000 000 0|
|0|.............000 000 0|
|0|.............000 000 0|
|0|.............000 000 0|
|0|.............000 000 0|
|0|.............000 000 0|
|0|.............000 000 0|
|0|.............000 000 0|
|0|.............000 000 0|
|0|.............000 000 0|
|0|.............000 000 0|
|0|.............000 000 0|
|0|.............000 000 0|
|0|.............000 000 0|
|0|.............000 000 0|
|0|.............000 000 0|
|0|.............000 000 0|
|0|.............000 000 0|
|0|.............000 000 0|
|0|.............000 000 0|
|0|.............000 000 0|
|0|.............000 000 0|
|0|.............000 000 0|
|0|.............000 000 0|
|0|.............000 000 0|
|0|.............000 000 0|
|0|.............000 000 0|
|0|.............000 000 0|
|0|.............000 000 0|
|0|.............000 000 0|
|0|.............000 000 0|
|0|.............000 000 0|
|0|.............000 000 0|
|0|.............000 000 0|
|0|.............000 000 0|
|0|.............000 000 0|
|0|.............000 000 0|
|0|.............000 000 0|
|0|.............000 000 0|
|0|.............000 000 0|
|0|.............000 000 0|
|0|.............000 000 0|
|0|.............000 000 0|
|0|.............000 000 0|
|0|.............000 000 0|
|0|.............000 000 0|
|0|.............000 000 0|
|0|.............000 000 0|
|0|.............000 000 0|
|0|.............000 000 0|
|0|.............000 000 0|
|0|.............000 000 0|
|0|.............000 000 0|
|0|.............000 000 0|
|0|.............000 000 0|
|0|.............000 000 0|
|0|.............000 000 0|
|0|.............000 000 0|
|0|.............000 000 0|
|0|.............000 000 0|
|0|.............000 000 0|
|0|.............000 000 0|
|0|.............000 000 0|
|0|.............000 000 0|
|0|.............000 000 0|
|0|.............000 000 0|
|0|.............000 000 0|
|0|.............000 000 0|
|0|.............000 000 0|
|0|.............000 000 0|
|0|.............000 000 0|
|0|.............000 000 0|
|0|.............000 000 0|
|0|.............000 000 0|
|0|.............000 000 0|
|0|.............000 000 0|
|0|.............000 000 0|
|0|.............000 000 0|
|0|.............000 000 0|
|0|.............000 000 0|
|0|.............000 000 0|
|0|.............000 000 0|
|0|.............000 000 0|
|0|.............000 000 0|
|0|.............000 000 0|
|0|.............000 000 0|
|0|.............000 000 0|
|0|.............000 000 0|
|0|.............000 000 0|
|0|.............000 000 0|
|0|.............000 000 0|
|0|.............000 000 0|
|0|.............000 000 0|
|0|.............000 000 0|
|0|.............000 000 0|
|0|.............000 000 0|
|0|.............000 000 0|
|0|.............000 000 0|
|0|.............000 000 0|
|0|.............000 000 0|
|0|.............000 000 0|
|0|.............000 000 0|
|0|.............000 000 0|
|0|.............000 000 0|
|0|.............000 000 0|
|0|.............000 000 0|
|0|.............000 000 0|
|0|.............000 000 0|
|0|.............000 000 0|
|0|.............000 000 0|
|0|.............000 000 0|
|0|.............000 000 0|
|0|.............000 000 0|
|0|.............000 000 0|
|0|.............000 000 0|
|0|.............000 000 0|
|0|.............000 000 0|
|0|.............000 000 0|
|0|.............000 000 0|
|0|.............000 000 0|
|0|.............000 000 0|
|0|.............000 000 0|
|0|.............000 000 0|
|0|.............000 000 0|
|0|.............000 000 0|
|0|.............000 000 0|
|0|.............000 000 0|
|0|.............000 000 0|
|0|.............000 000 0|
|0|.............000 000 0|
|0|.............000 000 0|
|0|.............000 000 0|
|0|.............000 000 0|
|0|.............000 000 0|
|0|.............000 000 0|
|0|.............000 000 0|
|0|.............000 000 0|
|0|.............000 000 0|
|0|.............000 000 0|
|0|.............000 000 0|
|0|.............000 000 0|
|0|.............000 000 0|
|0|.............000 000 0|
|0|.............000 000 0|
|0|.............000 000 0|
|0|.............000 000 0|
|0|.............000 000 0|
|0|.............000 000 0|
|0|.............000 000 0|
|0|.............000 000 0|
|0|.............000 000 0|
|0|.............000 000 0|
|0|.............000 000 0|
|0|.............000 000 0|
|0|.............000 000 0|
|0|.............000 000 0|
|0|.............204 127 1|
|0|.............204 127 1|
|0|.............000 000 0|
|0|.............000 000 0|
|0|.............255 156 1|
|0|.............255 156 1|
|0|.............255 156 1|
|0|.............255 156 1|
|0|.............255 156 1|
|0|.............255 156 1|
|0|.............255 156 1|
|0|.............255 156 1|
|0|.............255 156 1|
|0|.............255 156 1|
|0|.............255 156 1|
|0|.............255 156 1|
|0|.............255 156 1|
|0|.............255 156 1|
|0|.............255 156 1|
|0|.............255 156 1|
|0|.............255 156 1|
|0|.............255 156 1|
|0|.............255 156 1|
|0|.............255 156 1|
|0|.............255 156 1|
|0|.............255 156 1|
|0|.............255 156 1|
|0|.............255 156 1|
|0|.............255 156 1|
|0|.............255 156 1|
|0|.............255 156 1|
|0|.............255 156 1|
|0|.............255 156 1|
|0|.............255 156 1|
|0|.............255 156 1|
|0|.............255 156 1|
|0|.............255 156 1|
|0|.............255 156 1|
|0|.............255 156 1|
|0|.............255 156 1|
|0|.............255 156 1|
|0|.............255 156 1|
|0|.............255 156 1|
|0|.............255 156 1|
|0|.............255 156 1|
|0|.............255 156 1|
|0|.............255 156 1|
|0|.............255 156 1|
|0|.............255 156 1|
|0|.............255 156 1|
|0|.............255 156 1|
|0|.............255 156 1|
|0|.............255 156 1|
|0|.............255 156 1|
|0|.............255 156 1|
|0|.............255 156 1|
|0|.............255 156 1|
|0|.............255 156 1|
|0|.............255 156 1|
|0|.............255 156 1|
|0|.............255 156 1|
|0|.............255 156 1|
|0|.............255 156 1|
|0|.............255 156 1|
|0|.............255 156 1|
|0|.............255 156 1|
|0|.............255 156 1|
|0|.............255 156 1|
|0|.............255 156 1|
|0|.............255 156 1|
|0|.............255 156 1|
|0|.............255 156 1|
|0|.............255 156 1|
|0|.............255 156 1|
|0|.............255 156 1|
|0|.............255 156 1|
|0|.............255 156 1|
|0|.............255 156 1|
|0|.............255 156 1|
|0|.............255 156 1|
|0|.............255 156 1|
|0|.............255 156 1|
|0|.............255 156 1|
|0|.............255 156 1|
|0|.............255 156 1|
|0|.............255 156 1|
|0|.............255 156 1|
|0|.............255 156 1|
|0|.............255 156 1|
|0|.............255 156 1|
|0|.............255 156 1|
|0|.............255 156 1|
|0|.............255 156 1|
|0|.............255 156 1|
|0|.............255 156 1|
|0|.............255 156 1|
|0|.............255 156 1|
|0|.............255 156 1|
|0|.............255 156 1|
|0|.............255 156 1|
|0|.............255 156 1|
|0|.............255 156 1|
|0|.............255 156 1|
|0|.............255 156 1|
|0|.............255 156 1|
|0|.............255 156 1|
|0|.............255 156 1|
|0|.............255 156 1|
|0|.............255 156 1|
|0|.............255 156 1|
|0|.............255 156 1|
|0|.............255 156 1|
|0|.............255 156 1|
|0|.............255 156 1|
|0|.............255 156 1|
|0|.............255 156 1|
|0|.............255 156 1|
|0|.............255 156 1|
|0|.............255 156 1|
|0|.............255 156 1|
|0|.............255 156 1|
|0|.............255 156 1|
|0|.............255 156 1|
|0|.............255 156 1|
|0|.............255 156 1|
|0|.............255 156 1|
|0|.............255 156 1|
|0|.............255 156 1|
|0|.............255 156 1|
|0|.............255 156 1|
|0|.............255 156 1|
|0|.............255 156 1|
|0|.............255 156 1|
|0|.............255 156 1|
|0|.............255 156 1|
|0|.............255 156 1|
|0|.............255 156 1|
|0|.............255 156 1|
|0|.............255 156 1|
|0|.............255 156 1|
|0|.............255 156 1|
|0|.............255 156 1|
|0|.............255 156 1|
|0|.............255 156 1|
|0|.............255 156 1|
|0|.............255 156 1|
|0|.............255 156 1|
|0|.............255 156 1|
|0|.............255 156 1|
|0|.............255 156 1|
|0|.............255 156 1|
|0|.............255 156 1|
|0|.............255 156 1|
|0|.............255 156 1|
|0|.............255 156 1|
|0|.............255 156 1|
|0|.............255 156 1|
|0|.............255 156 1|
|0|.............255 156 1|
|0|.............255 156 1|
|0|.............255 156 1|
|0|.............255 156 1|
|0|.............255 156 1|
|0|.............255 156 1|
|0|.............255 156 1|
|0|.............255 156 1|
|0|.............255 156 1|
|0|.............255 156 1|
|0|.............255 156 1|
|0|.............255 156 1|
|0|.............255 156 1|
|0|.............255 156 1|
|0|.............255 156 1|
|0|.............255 156 1|
|0|.............255 156 1|
|0|.............255 156 1|
|0|.............255 156 1|
|0|.............255 156 1|
|0|.............255 156 1|
|0|.............255 156 1|
|0|.............255 156 1|
|0|.............255 156 1|
|0|.............255 156 1|
|0|.............255 156 1|
|0|.............000 000 0|
|0|.............000 000 0|
|0|.............000 000 0|
|0|.............000 000 0|
|0|.............000 000 0|
|0|.............000 000 0|
|0|.............000 000 0|
|0|.............000 000 0|
|0|.............000 000 0|
|0|.............000 000 0|
|0|.............000 000 0|
|0|.............000 000 0|
|0|.............000 000 0|
|0|.............000 000 0|
|0|.............000 000 0|
|0|.............000 000 0|
|0|.............000 000 0|
|0|.............000 000 0|
|0|.............000 000 0|
|0|.............238 019 1|
|0|.............238 019 1| * Open notebook *
|0|.............000 000 0|
|0|.............000 000 0|
|0|.............000 000 0|
|0|.............000 000 0|
|0|.............000 000 0|
|0|.............000 000 0|
|0|.............000 000 0|
|0|.............000 000 0|
|0|.............000 000 0|
|0|.............000 000 0|
|0|.............000 000 0|
|0|.............000 000 0|
|0|.............000 000 0|
|0|.............000 000 0|
|0|.............000 000 0|
|0|.............000 000 0|
|0|.............000 000 0|
|0|.............000 000 0|
|0|.............000 000 0|
|0|.............000 000 0|
|0|.............000 000 0|
|0|.............000 000 0|
|0|.............000 000 0|
|0|.............000 000 0|
|0|.............000 000 0|
|0|.............000 000 0|
|0|.............000 000 0|
|0|.............000 000 0|
|0|.............000 000 0|
|0|.............000 000 0|
|0|.............000 000 0|
|0|.............000 000 0|
|0|.............000 000 0|
|0|.............000 000 0|
|0|.............000 000 0|
|0|.............000 000 0|
