|0|.............222 062 1|
|0|.............000 000 0|
|0|.............000 000 0|
|0|.............096 062 1|
|0|.............000 000 0|
|0|.............000 000 0|
|0|.............202 062 1|
|0|.............000 000 0|
|0|.............000 000 0|
|0|.............216 098 1|
|0|.............000 000 0|
|0|.............000 000 0|
|0|.............180 062 1|
|0|.............000 000 0|
|0|.............000 000 0|
|0|.............112 098 1|
|0|.............000 000 0|
|0|.............000 000 0|
|0|.............180 062 1|
|0|.............000 000 0|
|0|.............000 000 0|
|0|.............110 132 1|
|0|.............000 000 0|
|0|.............000 000 0|
|0|.............160 176 1|
|0|.............000 000 0|
|0|.............000 000 0|
|0|.............222 062 1|
|0|.............000 000 0|
|0|.............000 000 0|
|0|.............154 098 1|
|0|.............000 000 0|
|0|.............000 000 0|
|0|.............048 098 1|
|0|.............000 000 0|
|0|.............000 000 0|
|0|.............096 062 1|
|0|.............000 000 0|
|0|.............000 000 0|
|0|.............194 132 1|
|0|.............000 000 0|
|0|.............000 000 0|
|0|.............048 098 1|
|0|.............000 000 0|
|0|.............000 000 0|
|0|.............110 132 1|
|0|.............000 000 0|
|0|.............000 000 0|
|0|.............202 062 1|
|0|.............000 000 0|
|0|.............000 000 0|
|0|.............216 098 1|
|0|.............000 000 0|
|0|.............000 000 0|
|0|.............202 062 1|
|0|.............000 000 0|
|0|.............000 000 0|
|0|.............132 098 1|
|0|.............000 000 0|
|0|.............000 000 0|
|0|.............180 062 1|
|0|.............000 000 0|
|0|.............000 000 0|
|0|.............110 132 1|
|0|.............000 000 0|
|0|.............000 000 0|
|0|.............048 098 1|
|0|.............000 000 0|
|0|.............000 000 0|
|0|.............216 098 1|
|0|.............000 000 0|
|0|.............000 000 0|
|0|.............160 176 1|
|0|.............000 000 0|
|0|.............000 000 0|
|0|.............090 098 1|
|0|.............000 000 0|
|0|.............000 000 0|
|0|.............076 062 1|
|0|.............000 000 0|
|0|.............000 000 0|
|0|.............048 098 1|
|0|.............000 000 0|
|0|.............000 000 0|
|0|.............090 098 1|
|0|.............000 000 0|
|0|.............000 000 0|
|0|.............160 176 1|
|0|.............000 000 0|
|0|.............000 000 0|
|0|.............216 098 1|
|0|.............000 000 0|
|0|.............000 000 0|
|0|.............180 062 1|
|0|.............000 000 0|
|0|.............000 000 0|
|0|.............202 062 1|
|0|.............000 000 0|
|0|.............000 000 0|
|0|.............174 132 1|
|0|.............000 000 0|
|0|.............000 000 0|
|0|.............242 176 1|
|0|.............000 000 0| * PROLIFIC PHARMACOLOGICAL DEAD LION has been typed *
|0|.............000 000 0|
|0|.............000 000 0|
|0|.............000 000 0|
|0|.............000 000 0|
|0|.............000 000 0|
|0|.............000 000 0|
|0|.............000 000 0|
|0|.............000 000 0|
|0|.............000 000 0|
|0|.............000 000 0|
|0|.............000 000 0|
|0|.............000 000 0|
|0|.............000 000 0|
|0|.............000 000 0|
|0|.............000 000 0|
|0|.............000 000 0|
|0|.............000 000 0|
|0|.............000 000 0|
|0|.............000 000 0|
|0|.............000 000 0|
|0|.............000 000 0|
|0|.............000 000 0|
|0|.............000 000 0|
|0|.............000 000 0|
|0|.............000 000 0|
|0|.............000 000 0|
|0|.............000 000 0|
|0|.............000 000 0|
|0|.............000 000 0|
|0|.............000 000 0|
|0|.............000 000 0|
|0|.............000 000 0|
|0|.............000 000 0|
|0|.............000 000 0|
|0|.............000 000 0|
|0|.............000 000 0|
|0|.............000 000 0|
|0|.............000 000 0|
|0|.............000 000 0|
|0|.............000 000 0|
|0|.............000 000 0|
|0|.............000 000 0|
|0|.............000 000 0|
|0|.............000 000 0|
|0|.............000 000 0|
|0|.............000 000 0|
|0|.............000 000 0|
|0|.............000 000 0|
|0|.............000 000 0|
|0|.............000 000 0|
|0|.............000 000 0|
|0|.............000 000 0|
|0|.............000 000 0|
|0|.............128 084 1|
|0|.............128 084 1|
|0|.............128 084 1|
|0|.............128 084 1|
|0|.............144 125 1|
|0|.............110 125 1|
|0|.............000 000 0|
|0|.............000 000 0|
|0|.............000 000 0|
|0|.............000 000 0|
|0|.............000 000 0|
|0|.............000 000 0|
|0|.............000 000 0|
|0|.............000 000 0|
|0|.............000 000 0|
|0|.............000 000 0|
|0|.............000 000 0|
|0|.............000 000 0|
|0|.............000 000 0|
|0|.............000 000 0|
|0|.............000 000 0|
|0|.............000 000 0|
|0|.............000 000 0|
|0|.............000 000 0|
|0|.............000 000 0|
|0|.............000 000 0|
|0|.............000 000 0|
|0|.............000 000 0|
|0|.............000 000 0|
|0|.............000 000 0|
|0|.............000 000 0|
|0|.............000 000 0|
|0|.............000 000 0|
|0|.............000 000 0|
|0|.............000 000 0|
|0|.............000 000 0|
|0|.............000 000 0|
|0|.............000 000 0|
|0|.............000 000 0|
|0|.............000 000 0|
|0|.............000 000 0|
|0|.............000 000 0|
|0|.............000 000 0|
|0|.............000 000 0|
|0|.............000 000 0|
|0|.............000 000 0|
|0|.............000 000 0|
|0|.............000 000 0|
|0|.............000 000 0|
|0|.............000 000 0|
|0|.............000 000 0|
|0|.............000 000 0|
|0|.............000 000 0|
|0|.............000 000 0|
|0|.............000 000 0|
|0|.............000 000 0|
|0|.............000 000 0|
|0|.............000 000 0|
|0|.............000 000 0|
|0|.............000 000 0|
|0|.............000 000 0|
|0|.............000 000 0|
|0|.............000 000 0|
|0|.............000 000 0|
|0|.............000 000 0|
|0|.............000 000 0|
|0|.............000 000 0|
|0|.............000 000 0|
|0|.............000 000 0|
|0|.............000 000 0|
|0|.............000 000 0|
|0|.............000 000 0|
|0|.............000 000 0|
|0|.............000 000 0|
|0|.............000 000 0|
|0|.............000 000 0|
|0|.............000 000 0|
|0|.............000 000 0|
|0|.............000 000 0|
|0|.............000 000 0|
|0|.............000 000 0|
|0|.............000 000 0|
|0|.............000 000 0|
|0|.............000 000 0|
|0|.............000 000 0|
|0|.............000 000 0|
|0|.............000 000 0|
|0|.............000 000 0|
|0|.............000 000 0|
|0|.............000 000 0|
|0|.............000 000 0|
|0|.............000 000 0|
|0|.............000 000 0|
|0|.............000 000 0|
|0|.............000 000 0|
|0|.............000 000 0|
|0|.............000 000 0|
|0|.............000 000 0|
|0|.............000 000 0|
|0|.............000 000 0|
|0|.............000 000 0|
|0|.............000 000 0|
|0|.............000 000 0|
|0|.............000 000 0|
|0|.............000 000 0|
|0|.............000 000 0|
|0|.............000 000 0|
|0|.............000 000 0|
|0|.............000 000 0|
|0|.............000 000 0|
|0|.............000 000 0|
|0|.............000 000 0|
|0|.............000 000 0|
|0|.............000 000 0|
|0|.............000 000 0|
|0|.............000 000 0|
|0|.............000 000 0|
|0|.............000 000 0|
|0|.............000 000 0|
|0|.............000 000 0|
|0|.............000 000 0|
|0|.............000 000 0|
|0|.............000 000 0|
|0|.............000 000 0|
|0|.............000 000 0|
|0|.............000 000 0|
|0|.............000 000 0|
|0|.............000 000 0|
|0|.............000 000 0|
|0|.............000 000 0|
|0|.............000 000 0|
|0|.............000 000 0|
|0|.............000 000 0|
|0|.............000 000 0|
|0|.............000 000 0|
|0|.............000 000 0|
|0|.............000 000 0|
|0|.............000 000 0|
|0|.............000 000 0|
|0|.............000 000 0|
|0|.............000 000 0|
|0|.............000 000 0|
|0|.............000 000 0|
|0|.............000 000 0|
|0|.............000 000 0|
|0|.............000 000 0|
|0|.............000 000 0|
|0|.............000 000 0|
|0|.............000 000 0|
|0|.............000 000 0|
|0|.............000 000 0|
|0|.............000 000 0|
|0|.............000 000 0|
|0|.............000 000 0|
|0|.............000 000 0|
|0|.............000 000 0|
|0|.............000 000 0|
|0|.............000 000 0|
|0|.............000 000 0|
|0|.............000 000 0|
|0|.............000 000 0|
|0|.............000 000 0|
|0|.............000 000 0|
|0|.............000 000 0|
|0|.............000 000 0|
|0|.............000 000 0|
|0|.............000 000 0|
|0|.............000 000 0|
|0|.............000 000 0|
|0|.............000 000 0|
|0|.............000 000 0|
|0|.............000 000 0|
|0|.............000 000 0|
|0|.............000 000 0|
|0|.............000 000 0|
|0|.............000 000 0|
|0|.............000 000 0|
|0|.............000 000 0|
|0|.............000 000 0|
|0|.............000 000 0|
|0|.............000 000 0|
|0|.............000 000 0|
|0|.............000 000 0|
|0|.............000 000 0|
|0|.............000 000 0|
|0|.............000 000 0|
|0|.............000 000 0|
|0|.............000 000 0|
|0|.............000 000 0|
|0|.............000 000 0|
|0|.............000 000 0|
|0|.............000 000 0|
|0|.............000 000 0|
|0|.............000 000 0|
|0|.............000 000 0|
|0|.............000 000 0|
|0|.............000 000 0|
|0|.............000 000 0|
|0|.............000 000 0|
|0|.............000 000 0|
|0|.............000 000 0|
|0|.............000 000 0|
|0|.............000 000 0|
|0|.............000 000 0|
|0|.............000 000 0|
|0|.............000 000 0|
|0|.............000 000 0|
|0|.............000 000 0|
|0|.............000 000 0|
|0|.............000 000 0|
|0|.............000 000 0|
|0|.............000 000 0|
|0|.............000 000 0|
|0|.............000 000 0|
|0|.............000 000 0|
|0|.............000 000 0|
|0|.............000 000 0|
|0|.............000 000 0|
|0|.............000 000 0|
|0|.............255 154 1|
|0|.............255 154 1|
|0|.............255 154 1|
|0|.............255 154 1|
|0|.............255 154 1|
|0|.............255 154 1|
|0|.............255 154 1|
|0|.............255 154 1|
|0|.............255 154 1|
|0|.............255 154 1|
|0|.............255 154 1|
|0|.............255 154 1|
|0|.............255 154 1|
|0|.............255 154 1|
|0|.............255 154 1|
|0|.............255 154 1|
|0|.............255 154 1|
|0|.............255 154 1|
|0|.............255 154 1|
|0|.............255 154 1|
|0|.............255 154 1|
|0|.............255 154 1|
|0|.............255 154 1|
|0|.............255 154 1|
|0|.............255 154 1|
|0|.............255 154 1|
|0|.............255 154 1|
|0|.............255 154 1|
|0|.............255 154 1|
|0|.............255 154 1|
|0|.............255 154 1|
|0|.............255 154 1|
|0|.............255 154 1|
|0|.............255 154 1|
|0|.............255 154 1|
|0|.............255 154 1|
|0|.............255 154 1|
|0|.............255 154 1|
|0|.............255 154 1|
|0|.............255 154 1|
|0|.............255 154 1|
|0|.............255 154 1|
|0|.............255 154 1|
|0|.............255 154 1|
|0|.............255 154 1|
|0|.............255 154 1|
|0|.............255 154 1|
|0|.............255 154 1|
|0|.............255 154 1|
|0|.............255 154 1|
|0|.............255 154 1|
|0|.............255 154 1|
|0|.............255 154 1|
|0|.............255 154 1|
|0|.............255 154 1|
|0|.............255 154 1|
|0|.............255 154 1|
|0|.............255 154 1|
|0|.............255 154 1|
|0|.............255 154 1|
|0|.............255 154 1|
|0|.............255 154 1|
|0|.............255 154 1|
|0|.............255 154 1|
|0|.............255 154 1|
|0|.............255 154 1|
|0|.............255 154 1|
|0|.............255 154 1|
|0|.............255 154 1|
|0|.............255 154 1|
|0|.............255 154 1|
|0|.............255 154 1|
|0|.............255 154 1|
|0|.............255 154 1|
|0|.............255 154 1|
|0|.............255 154 1|
|0|.............255 154 1|
|0|.............255 154 1|
|0|.............255 154 1|
|0|.............255 154 1|
|0|.............255 154 1|
|0|.............255 154 1|
|0|.............255 154 1|
|0|.............255 154 1|
|0|.............255 154 1|
|0|.............255 154 1|
|0|.............255 154 1|
|0|.............255 154 1|
|0|.............255 154 1|
|0|.............255 154 1|
|0|.............255 154 1|
|0|.............255 154 1|
|0|.............255 154 1|
|0|.............255 154 1|
|0|.............255 154 1|
|0|.............255 154 1|
|0|.............255 154 1|
|0|.............255 154 1|
|0|.............255 154 1|
|0|.............255 154 1|
|0|.............255 154 1|
|0|.............255 154 1|
|0|.............255 154 1|
|0|.............255 154 1|
|0|.............255 154 1|
|0|.............255 154 1|
|0|.............255 154 1|
|0|.............255 154 1|
|0|.............255 154 1|
|0|.............255 154 1|
|0|.............255 154 1|
|0|.............255 154 1|
|0|.............255 154 1|
|0|.............255 154 1|
|0|.............255 154 1|
|0|.............255 154 1|
|0|.............255 154 1|
|0|.............255 154 1|
|0|.............255 154 1|
|0|.............255 154 1|
|0|.............255 154 1|
|0|.............255 154 1|
|0|.............255 154 1|
|0|.............255 154 1|
|0|.............255 154 1|
|0|.............255 154 1|
|0|.............255 154 1|
|0|.............255 154 1|
|0|.............255 154 1|
|0|.............255 154 1|
|0|.............255 154 1|
|0|.............255 154 1|
|0|.............255 154 1|
|0|.............255 154 1|
|0|.............255 154 1|
|0|.............255 154 1|
|0|.............255 154 1|
|0|.............255 154 1|
|0|.............255 154 1|
|0|.............255 154 1|
|0|.............255 154 1|
|0|.............255 154 1|
|0|.............255 154 1|
|0|.............255 154 1|
|0|.............255 154 1|
|0|.............255 154 1|
|0|.............255 154 1|
|0|.............255 154 1|
|0|.............255 154 1|
|0|.............255 154 1|
|0|.............255 154 1|
|0|.............255 154 1|
|0|.............255 154 1|
|0|.............255 154 1|
|0|.............255 154 1|
|0|.............255 154 1|
|0|.............255 154 1|
|0|.............255 154 1|
|0|.............255 154 1|
|0|.............255 154 1|
|0|.............255 154 1|
|0|.............255 154 1|
|0|.............255 154 1|
|0|.............255 154 1|
|0|.............255 154 1|
|0|.............255 154 1|
|0|.............255 154 1|
|0|.............255 154 1|
|0|.............255 154 1|
|0|.............255 154 1|
|0|.............255 154 1|
|0|.............255 154 1|
|0|.............255 154 1|
|0|.............255 154 1|
|0|.............255 154 1|
|0|.............255 154 1|
|0|.............255 154 1|
|0|.............255 154 1|
|0|.............255 154 1|
|0|.............255 154 1|
|0|.............255 154 1|
|0|.............255 154 1|
|0|.............255 154 1|
|0|.............255 154 1|
|0|.............255 154 1|
|0|.............255 154 1|
|0|.............255 154 1|
|0|.............255 154 1|
|0|.............255 154 1|
|0|.............255 154 1|
|0|.............255 154 1|
|0|.............255 154 1|
|0|.............255 154 1|
|0|.............255 154 1|
|0|.............255 154 1|
|0|.............255 154 1|
|0|.............255 154 1|
|0|.............255 154 1|
|0|.............255 154 1|
|0|.............255 154 1|
|0|.............255 154 1|
|0|.............255 154 1|
|0|.............255 154 1|
|0|.............255 154 1|
|0|.............255 154 1|
|0|.............255 154 1|
|0|.............255 154 1|
|0|.............255 154 1|
|0|.............255 154 1|
|0|.............255 154 1|
|0|.............255 154 1|
|0|.............255 154 1|
|0|.............255 154 1|
|0|.............255 154 1|
|0|.............255 154 1|
|0|.............255 154 1|
|0|.............255 154 1|
|0|.............255 154 1|
|0|.............255 154 1|
|0|.............255 154 1|
|0|.............255 154 1|
|0|.............255 154 1|
|0|.............255 154 1|
|0|.............255 154 1|
|0|.............255 154 1|
|0|.............000 000 0|
|0|.............000 000 0|
|0|.............000 000 0|
|0|.............000 000 0|
|0|.............000 000 0|
|0|.............000 000 0|
|0|.............000 000 0|
|0|.............000 000 0|
|0|.............000 000 0|
|0|.............000 000 0|
|0|.............000 000 0|
|0|.............000 000 0|
|0|.............000 000 0|
|0|.............000 000 0|
|0|.............000 000 0|
|0|.............000 000 0|
|0|.............000 000 0|
|0|.............000 000 0|
|0|.............000 000 0|
|0|.............000 000 0|
|0|.............000 000 0|
|0|.............000 000 0|
|0|.............000 000 0|
|0|.............000 000 0|
|0|.............000 000 0|
|0|.............000 000 0|
|0|.............000 000 0|
|0|.............000 000 0|
|0|.............000 000 0|
|0|.............000 000 0|
|0|.............000 000 0|
|0|.............000 000 0|
|0|.............000 000 0|
|0|.............000 000 0|
|0|.............000 000 0|
|0|.............000 000 0|
|0|.............000 000 0|
|0|.............000 000 0|
|0|.............000 000 0|
|0|.............000 000 0|
|0|.............000 000 0|
|0|.............000 000 0|
|0|.............000 000 0|
|0|.............000 000 0|
|0|.............000 000 0|
|0|.............000 000 0|
|0|.............000 000 0|
|0|.............000 000 0|
|0|.............000 000 0|
|0|.............000 000 0|
|0|.............000 000 0|
|0|.............000 000 0|
|0|.............000 000 0|
|0|.............000 000 0|
|0|.............000 000 0|
|0|.............000 000 0|
|0|.............000 000 0|
|0|.............000 000 0|
|0|.............000 000 0|
|0|.............000 000 0|
|0|.............000 000 0|
|0|.............000 000 0|
|0|.............000 000 0|
|0|.............000 000 0|
|0|.............000 000 0|
|0|.............000 000 0|
|0|.............000 000 0|
|0|.............000 000 0|
|0|.............000 000 0|
|0|.............000 000 0|
|0|.............000 000 0|
|0|.............000 000 0|
|0|.............000 000 0|
|0|.............000 000 0|
|0|.............000 000 0|
|0|.............000 000 0|
|0|.............000 000 0|
|0|.............000 000 0|
|0|.............000 000 0|
|0|.............000 000 0|
|0|.............000 000 0|
|0|.............000 000 0|
|0|.............000 000 0|
|0|.............000 000 0|
|0|.............000 000 0|
|0|.............000 000 0|
|0|.............000 000 0|
|0|.............000 000 0|
|0|.............000 000 0|
|0|.............000 000 0|
|0|.............000 000 0|
|0|.............000 000 0|
|0|.............000 000 0|
|0|.............000 000 0|
|0|.............000 000 0|
|0|.............000 000 0|
|0|.............000 000 0|
|0|.............000 000 0|
|0|.............000 000 0|
|0|.............000 000 0|
|0|.............000 000 0|
|0|.............000 000 0|
|0|.............000 000 0|
|0|.............000 000 0|
|0|.............000 000 0|
|0|.............000 000 0|
|0|.............000 000 0|
|0|.............000 000 0|
|0|.............000 000 0|
|0|.............000 000 0|
|0|.............000 000 0|
|0|.............000 000 0|
|0|.............000 000 0|
|0|.............000 000 0|
|0|.............000 000 0|
|0|.............000 000 0|
|0|.............000 000 0|
|0|.............000 000 0|
|0|.............000 000 0|
|0|.............000 000 0|
|0|.............000 000 0|
|0|.............000 000 0|
|0|.............000 000 0|
|0|.............000 000 0|
|0|.............000 000 0|
|0|.............000 000 0|
|0|.............000 000 0|
|0|.............000 000 0|
|0|.............000 000 0|
|0|.............000 000 0|
|0|.............000 000 0|
|0|.............000 000 0|
|0|.............000 000 0|
|0|.............000 000 0|
|0|.............000 000 0|
|0|.............000 000 0|
|0|.............000 000 0|
|0|.............000 000 0|
|0|.............000 000 0|
|0|.............000 000 0|
|0|.............000 000 0|
|0|.............000 000 0|
|0|.............000 000 0|
|0|.............000 000 0|
|0|.............000 000 0|
|0|.............000 000 0|
|0|.............000 000 0|
|0|.............000 000 0|
|0|.............000 000 0|
|0|.............000 000 0|
|0|.............000 000 0|
|0|.............000 000 0|
|0|.............000 000 0|
|0|.............000 000 0|
|0|.............000 000 0|
|0|.............000 000 0|
|0|.............000 000 0|
|0|.............000 000 0|
|0|.............000 000 0|
|0|.............000 000 0|
|0|.............000 000 0|
|0|.............000 000 0|
|0|.............000 000 0|
|0|.............000 000 0|
|0|.............000 000 0|
|0|.............000 000 0|
|0|.............000 000 0|
|0|.............000 000 0|
|0|.............000 000 0|
|0|.............000 000 0|
|0|.............000 000 0|
|0|.............000 000 0|
|0|.............000 000 0|
|0|.............000 000 0|
|0|.............000 000 0|
|0|.............000 000 0|
|0|.............000 000 0|
|0|.............000 000 0|
|0|.............000 000 0|
|0|.............000 000 0|
|0|.............000 000 0|
|0|.............000 000 0|
|0|.............000 000 0|
|0|.............000 000 0|
|0|.............000 000 0|
|0|.............000 000 0|
|0|.............000 000 0|
|0|.............000 000 0|
|0|.............000 000 0|
|0|.............000 000 0|
|0|.............000 000 0|
|0|.............000 000 0|
|0|.............000 000 0|
|0|.............000 000 0|
|0|.............000 000 0|
|0|.............000 000 0|
|0|.............000 000 0|
|0|.............000 000 0|
|0|.............000 000 0|
|0|.............000 000 0|
|0|.............000 000 0|
|0|.............000 000 0|
|0|.............000 000 0|
|0|.............000 000 0|
|0|.............000 000 0|
|0|.............000 000 0|
|0|.............000 000 0|
|0|.............000 000 0|
|0|.............000 000 0|
|0|.............000 000 0|
|0|.............000 000 0|
|0|.............000 000 0|
|0|.............000 000 0|
|0|.............000 000 0|
|0|.............000 000 0|
|0|.............000 000 0|
|0|.............000 000 0|
|0|.............000 000 0|
|0|.............000 000 0|
|0|.............000 000 0|
|0|.............000 000 0|
|0|.............000 000 0|
|0|.............000 000 0|
|0|.............000 000 0|
|0|.............000 000 0|
|0|.............000 000 0|
|0|.............000 000 0|
|0|.............000 000 0|
|0|.............000 000 0|
|0|.............000 000 0|
|0|.............000 000 0|
|0|.............000 000 0|
|0|.............000 000 0|
|0|.............000 000 0|
|0|.............000 000 0|
|0|.............000 000 0|
|0|.............000 000 0|
|0|.............000 000 0|
|0|.............000 000 0|
|0|.............000 000 0|
|0|.............000 000 0|
|0|.............000 000 0|
|0|.............000 000 0|
|0|.............000 000 0|
|0|.............000 000 0|
|0|.............000 000 0|
|0|.............000 000 0|
|0|.............000 000 0|
|0|.............000 000 0|
|0|.............000 000 0|
|0|.............000 000 0|
|0|.............000 000 0|
|0|.............000 000 0|
|0|.............000 000 0|
|0|.............000 000 0|
|0|.............000 000 0|
|0|.............000 000 0|
|0|.............000 000 0|
|0|.............000 000 0|
|0|.............000 000 0|
|0|.............000 000 0|
|0|.............000 000 0|
|0|.............000 000 0|
|0|.............000 000 0|
|0|.............000 000 0|
|0|.............206 130 1|
|0|.............206 130 1|
|0|.............000 000 0|
|0|.............255 154 1|
|0|.............255 154 1|
|0|.............255 154 1|
|0|.............255 154 1|
|0|.............255 154 1|
|0|.............255 154 1|
|0|.............255 154 1|
|0|.............255 154 1|
|0|.............255 154 1|
|0|.............255 154 1|
|0|.............255 154 1|
|0|.............255 154 1|
|0|.............255 154 1|
|0|.............255 154 1|
|0|.............255 154 1|
|0|.............255 154 1|
|0|.............255 154 1|
|0|.............255 154 1|
|0|.............255 154 1|
|0|.............255 154 1|
|0|.............255 154 1|
|0|.............255 154 1|
|0|.............255 154 1|
|0|.............255 154 1|
|0|.............255 154 1|
|0|.............255 154 1|
|0|.............255 154 1|
|0|.............255 154 1|
|0|.............255 154 1|
|0|.............255 154 1|
|0|.............255 154 1|
|0|.............255 154 1|
|0|.............255 154 1|
|0|.............255 154 1|
|0|.............255 154 1|
|0|.............255 154 1|
|0|.............255 154 1|
|0|.............255 154 1|
|0|.............255 154 1|
|0|.............255 154 1|
|0|.............255 154 1|
|0|.............255 154 1|
|0|.............255 154 1|
|0|.............255 154 1|
|0|.............255 154 1|
|0|.............255 154 1|
|0|.............255 154 1|
|0|.............255 154 1|
|0|.............255 154 1|
|0|.............255 154 1|
|0|.............255 154 1|
|0|.............255 154 1|
|0|.............255 154 1|
|0|.............255 154 1|
|0|.............255 154 1|
|0|.............255 154 1|
|0|.............255 154 1|
|0|.............255 154 1|
|0|.............255 154 1|
|0|.............255 154 1|
|0|.............255 154 1|
|0|.............255 154 1|
|0|.............255 154 1|
|0|.............255 154 1|
|0|.............255 154 1|
|0|.............255 154 1|
|0|.............255 154 1|
|0|.............255 154 1|
|0|.............255 154 1|
|0|.............255 154 1|
|0|.............255 154 1|
|0|.............255 154 1|
|0|.............255 154 1|
|0|.............255 154 1|
|0|.............255 154 1|
|0|.............255 154 1|
|0|.............255 154 1|
|0|.............255 154 1|
|0|.............255 154 1|
|0|.............255 154 1|
|0|.............255 154 1|
|0|.............255 154 1|
|0|.............255 154 1|
|0|.............255 154 1|
|0|.............255 154 1|
|0|.............255 154 1|
|0|.............255 154 1|
|0|.............255 154 1|
|0|.............255 154 1|
|0|.............255 154 1|
|0|.............255 154 1|
|0|.............255 154 1|
|0|.............255 154 1|
|0|.............255 154 1|
|0|.............255 154 1|
|0|.............255 154 1|
|0|.............255 154 1|
|0|.............255 154 1|
|0|.............255 154 1|
|0|.............255 154 1|
|0|.............255 154 1|
|0|.............255 154 1|
|0|.............255 154 1|
|0|.............255 154 1|
|0|.............255 154 1|
|0|.............255 154 1|
|0|.............255 154 1|
|0|.............255 154 1|
|0|.............255 154 1|
|0|.............255 154 1|
|0|.............255 154 1|
|0|.............255 154 1|
|0|.............255 154 1|
|0|.............255 154 1|
|0|.............255 154 1|
|0|.............255 154 1|
|0|.............255 154 1|
|0|.............255 154 1|
|0|.............255 154 1|
|0|.............255 154 1|
|0|.............255 154 1|
|0|.............255 154 1|
|0|.............255 154 1|
|0|.............255 154 1|
|0|.............255 154 1|
|0|.............255 154 1|
|0|.............255 154 1|
|0|.............255 154 1|
|0|.............255 154 1|
|0|.............255 154 1|
|0|.............255 154 1|
|0|.............255 154 1|
|0|.............255 154 1|
|0|.............255 154 1|
|0|.............255 154 1|
|0|.............255 154 1|
|0|.............255 154 1|
|0|.............255 154 1|
|0|.............255 154 1|
|0|.............255 154 1|
|0|.............255 154 1|
|0|.............255 154 1|
|0|.............255 154 1|
|0|.............255 154 1|
|0|.............255 154 1|
|0|.............255 154 1|
|0|.............255 154 1|
|0|.............255 154 1|
|0|.............255 154 1|
|0|.............255 154 1|
|0|.............255 154 1|
|0|.............255 154 1|
|0|.............255 154 1|
|0|.............255 154 1|
|0|.............255 154 1|
|0|.............255 154 1|
|0|.............255 154 1|
|0|.............255 154 1|
|0|.............255 154 1|
|0|.............255 154 1|
|0|.............255 154 1|
|0|.............255 154 1|
|0|.............255 154 1|
|0|.............255 154 1|
|0|.............255 154 1|
|0|.............255 154 1|
|0|.............255 154 1|
|0|.............255 154 1|
|0|.............255 154 1|
|0|.............255 154 1|
|0|.............255 154 1|
|0|.............255 154 1|
|0|.............255 154 1|
|0|.............255 154 1|
|0|.............255 154 1|
|0|.............255 154 1|
|0|.............255 154 1|
|0|.............255 154 1|
|0|.............255 154 1|
|0|.............255 154 1|
|0|.............255 154 1|
|0|.............000 000 0|
|0|.............000 000 0|
|0|.............000 000 0|
|0|.............000 000 0|
|0|.............000 000 0|
|0|.............000 000 0|
|0|.............000 000 0|
|0|.............000 000 0|
|0|.............000 000 0|
|0|.............000 000 0|
|0|.............000 000 0|
|0|.............000 000 0|
|0|.............000 000 0|
|0|.............000 000 0|
|0|.............000 000 0|
|0|.............000 000 0|
|0|.............000 000 0|
|0|.............000 000 0|
|0|.............000 000 0|
|0|.............000 000 0|
|0|.............236 020 1|
|0|.............236 020 1| * Open notebook *
|0|.............000 000 0|
|0|.............000 000 0|
|0|.............000 000 0|
|0|.............000 000 0|
|0|.............000 000 0|
|0|.............000 000 0|
|0|.............000 000 0|
|0|.............000 000 0|
|0|.............000 000 0|
|0|.............000 000 0|
|0|.............000 000 0|
|0|.............000 000 0|
|0|.............000 000 0|
|0|.............000 000 0|
|0|.............000 000 0|
|0|.............000 000 0|
|0|.............000 000 0|
|0|.............000 000 0|
|0|.............000 000 0|
|0|.............000 000 0|
|0|.............000 000 0|
|0|.............000 000 0|
|0|.............000 000 0|
|0|.............000 000 0|
|0|.............000 000 0|
|0|.............000 000 0|
|0|.............000 000 0|
|0|.............000 000 0|
|0|.............000 000 0|
|0|.............000 000 0|
|0|.............000 000 0|
|0|.............000 000 0|
|0|.............000 000 0|
|0|.............000 000 0|
|0|.............000 000 0|
|0|.............000 000 0|
