|0|.............112 099 1|
|0|.............000 000 0|
|0|.............000 000 0|
|0|.............180 063 1|
|0|.............000 000 0|
|0|.............000 000 0|
|0|.............070 098 1|
|0|.............000 000 0|
|0|.............000 000 0|
|0|.............152 099 1|
|0|.............000 000 0|
|0|.............000 000 0|
|0|.............182 062 1|
|0|.............000 000 0|
|0|.............000 000 0|
|0|.............172 132 1|
|0|.............000 000 0|
|0|.............000 000 0|
|0|.............132 098 1|
|0|.............000 000 0|
|0|.............000 000 0|
|0|.............160 177 1|
|0|.............000 000 0|
|0|.............000 000 0|
|0|.............098 062 1|
|0|.............000 000 0|
|0|.............000 000 0|
|0|.............202 064 1|
|0|.............000 000 0|
|0|.............000 000 0|
|0|.............092 098 1|
|0|.............000 000 0|
|0|.............000 000 0|
|0|.............242 177 1| * FISHING ROD has been typed *
|0|.............000 000 0|
|0|.............000 000 0|
|0|.............000 000 0|
|0|.............000 000 0|
|0|.............000 000 0|
|0|.............000 000 0|
|0|.............000 000 0|
|0|.............000 000 0|
|0|.............000 000 0|
|0|.............000 000 0|
|0|.............000 000 0|
|0|.............000 000 0|
|0|.............000 000 0|
|0|.............000 000 0|
|0|.............000 000 0|
|0|.............000 000 0|
|0|.............000 000 0|
|0|.............000 000 0|
|0|.............000 000 0|
|0|.............000 000 0|
|0|.............000 000 0|
|0|.............000 000 0|
|0|.............000 000 0|
|0|.............000 000 0|
|0|.............000 000 0|
|0|.............000 000 0|
|0|.............000 000 0|
|0|.............000 000 0|
|0|.............000 000 0|
|0|.............000 000 0|
|0|.............000 000 0|
|0|.............000 000 0|
|0|.............000 000 0|
|0|.............000 000 0|
|0|.............000 000 0|
|0|.............000 000 0|
|0|.............000 000 0|
|0|.............000 000 0|
|0|.............000 000 0|
|0|.............000 000 0|
|0|.............000 000 0|
|0|.............000 000 0|
|0|.............118 085 1|
|0|.............118 085 1|
|0|.............252 071 1|
|0|.............252 071 1|
|0|.............252 071 1|
|0|.............252 071 1|
|0|.............154 124 1|
|0|.............154 124 1|
|0|.............154 124 1|
|0|.............154 124 1|
|0|.............154 124 1|
|0|.............154 124 1|
|0|.............154 124 1|
|0|.............154 124 1|
|0|.............000 000 0|
|0|.............000 000 0|
|0|.............000 000 0|
|0|.............000 000 0|
|0|.............000 000 0|
|0|.............000 000 0|
|0|.............000 000 0|
|0|.............000 000 0|
|0|.............000 000 0|
|0|.............000 000 0|
|0|.............000 000 0|
|0|.............000 000 0|
|0|.............000 000 0|
|0|.............000 000 0|
|0|.............000 000 0|
|0|.............000 000 0|
|0|.............000 000 0|
|0|.............000 000 0|
|0|.............000 000 0|
|0|.............000 000 0|
|0|.............000 000 0|
|0|.............000 000 0|
|0|.............000 000 0|
|0|.............000 000 0|
|0|.............000 000 0|
|0|.............000 000 0|
|0|.............000 000 0|
|0|.............000 000 0|
|0|.............000 000 0|
|0|.............000 000 0|
|0|.............000 000 0|
|0|.............036 131 1|
|0|.............036 131 1|
|0|.............000 000 0|
|0|.............000 000 0|
|0|.............000 000 0|
|0|.............000 000 0|
|0|.............000 000 0|
|0|.............000 000 0|
|0|.............000 000 0|
|0|.............186 077 1|
|0|.............186 077 1|
|0|.............000 000 0|
|0|.............000 000 0|
|0|.............000 000 0|
|0|.............000 000 0|
|0|.............000 000 0|
|0|.............000 000 0|
|0|.............000 000 0|
|0|.............000 000 0|
|0|.............000 000 0|
|0|.............000 000 0|
|0|.............000 000 0|
|0|.............000 000 0|
|0|.............000 000 0|
|0|.............000 000 0|
|0|.............000 000 0|
|0|.............000 000 0|
|0|.............000 000 0|
|0|.............000 000 0|
|0|.............000 000 0|
|0|.............000 000 0|
|0|.............000 000 0|
|0|.............000 000 0|
|0|.............000 000 0|
|0|.............000 000 0|
|0|.............000 000 0|
|0|.............000 000 0|
|0|.............000 000 0|
|0|.............000 000 0|
|0|.............000 000 0|
|0|.............000 000 0|
|0|.............000 000 0|
|0|.............000 000 0|
|0|.............000 000 0|
|0|.............000 000 0|
|0|.............000 000 0|
|0|.............000 000 0|
|0|.............000 000 0|
|0|.............000 000 0|
|0|.............000 000 0|
|0|.............000 000 0|
|0|.............000 000 0|
|0|.............000 000 0|
|0|.............000 000 0|
|0|.............000 000 0|
|0|.............000 000 0|
|0|.............000 000 0|
|0|.............000 000 0|
|0|.............000 000 0|
|0|.............000 000 0|
|0|.............000 000 0|
|0|.............000 000 0|
|0|.............000 000 0|
|0|.............000 000 0|
|0|.............000 000 0|
|0|.............000 000 0|
|0|.............000 000 0|
|0|.............000 000 0|
|0|.............000 000 0|
|0|.............000 000 0|
|0|.............000 000 0|
|0|.............000 000 0|
|0|.............000 000 0|
|0|.............000 000 0|
|0|.............000 000 0|
|0|.............000 000 0|
|0|.............000 000 0|
|0|.............000 000 0|
|0|.............000 000 0|
|0|.............255 137 1|
|0|.............255 137 1|
|0|.............255 137 1|
|0|.............255 137 1|
|0|.............255 137 1|
|0|.............255 137 1|
|0|.............255 137 1|
|0|.............255 137 1|
|0|.............255 137 1|
|0|.............255 137 1|
|0|.............255 137 1|
|0|.............255 137 1|
|0|.............255 137 1|
|0|.............255 137 1|
|0|.............255 137 1|
|0|.............255 137 1|
|0|.............255 137 1|
|0|.............255 137 1|
|0|.............255 137 1|
|0|.............255 137 1|
|0|.............255 137 1|
|0|.............255 137 1|
|0|.............255 137 1|
|0|.............255 137 1|
|0|.............255 137 1|
|0|.............255 137 1|
|0|.............255 137 1|
|0|.............255 137 1|
|0|.............255 137 1|
|0|.............255 137 1|
|0|.............255 137 1|
|0|.............255 137 1|
|0|.............255 137 1|
|0|.............255 137 1|
|0|.............255 137 1|
|0|.............255 137 1|
|0|.............255 137 1|
|0|.............255 137 1|
|0|.............255 137 1|
|0|.............255 137 1|
|0|.............255 137 1|
|0|.............255 137 1|
|0|.............255 137 1|
|0|.............255 137 1|
|0|.............255 137 1|
|0|.............255 137 1|
|0|.............255 137 1|
|0|.............255 137 1|
|0|.............255 137 1|
|0|.............255 137 1|
|0|.............255 137 1|
|0|.............255 137 1|
|0|.............255 137 1|
|0|.............255 137 1|
|0|.............255 137 1|
|0|.............255 137 1|
|0|.............255 137 1|
|0|.............255 137 1|
|0|.............255 137 1|
|0|.............255 137 1|
|0|.............255 137 1|
|0|.............255 137 1|
|0|.............255 137 1|
|0|.............255 137 1|
|0|.............255 137 1|
|0|.............255 137 1|
|0|.............255 137 1|
|0|.............255 137 1|
|0|.............255 137 1|
|0|.............255 137 1|
|0|.............255 137 1|
|0|.............255 137 1|
|0|.............255 137 1|
|0|.............255 137 1|
|0|.............255 137 1|
|0|.............255 137 1|
|0|.............255 137 1|
|0|.............255 137 1|
|0|.............255 137 1|
|0|.............255 137 1|
|0|.............255 137 1|
|0|.............255 137 1|
|0|.............255 137 1|
|0|.............255 137 1|
|0|.............255 137 1|
|0|.............255 137 1|
|0|.............255 137 1|
|0|.............255 137 1|
|0|.............255 137 1|
|0|.............255 137 1|
|0|.............255 137 1|
|0|.............255 137 1|
|0|.............255 137 1|
|0|.............255 137 1|
|0|.............255 137 1|
|0|.............255 137 1|
|0|.............255 137 1|
|0|.............255 137 1|
|0|.............255 137 1|
|0|.............255 137 1|
|0|.............255 137 1|
|0|.............255 137 1|
|0|.............255 137 1|
|0|.............255 137 1|
|0|.............255 137 1|
|0|.............255 137 1|
|0|.............255 137 1|
|0|.............255 137 1|
|0|.............255 137 1|
|0|.............255 137 1|
|0|.............255 137 1|
|0|.............255 137 1|
|0|.............255 137 1|
|0|.............255 137 1|
|0|.............255 137 1|
|0|.............255 137 1|
|0|.............255 137 1|
|0|.............255 137 1|
|0|.............255 137 1|
|0|.............255 137 1|
|0|.............255 137 1|
|0|.............255 137 1|
|0|.............255 137 1|
|0|.............255 137 1|
|0|.............255 137 1|
|0|.............255 137 1|
|0|.............255 137 1|
|0|.............255 137 1|
|0|.............255 137 1|
|0|.............255 137 1|
|0|.............255 137 1|
|0|.............255 137 1|
|0|.............255 137 1|
|0|.............255 137 1|
|0|.............255 137 1|
|0|.............255 137 1|
|0|.............255 137 1|
|0|.............255 137 1|
|0|.............255 137 1|
|0|.............255 137 1|
|0|.............255 137 1|
|0|.............255 137 1|
|0|.............255 137 1|
|0|.............255 137 1|
|0|.............255 137 1|
|0|.............255 137 1|
|0|.............255 137 1|
|0|.............255 137 1|
|0|.............255 137 1|
|0|.............255 137 1|
|0|.............255 137 1|
|0|.............255 137 1|
|0|.............255 137 1|
|0|.............255 137 1|
|0|.............255 137 1|
|0|.............255 137 1|
|0|.............255 137 1|
|0|.............255 137 1|
|0|.............255 137 1|
|0|.............255 137 1|
|0|.............255 137 1|
|0|.............255 137 1|
|0|.............255 137 1|
|0|.............255 137 1|
|0|.............255 137 1|
|0|.............255 137 1|
|0|.............255 137 1|
|0|.............255 137 1|
|0|.............255 137 1|
|0|.............255 137 1|
|0|.............255 137 1|
|0|.............255 137 1|
|0|.............255 137 1|
|0|.............255 137 1|
|0|.............255 137 1|
|0|.............255 137 1|
|0|.............255 137 1|
|0|.............255 137 1|
|0|.............255 137 1|
|0|.............255 137 1|
|0|.............255 137 1|
|0|.............255 137 1|
|0|.............255 137 1|
|0|.............255 137 1|
|0|.............255 137 1|
|0|.............255 137 1|
|0|.............255 137 1|
|0|.............255 137 1|
|0|.............255 137 1|
|0|.............255 137 1|
|0|.............255 137 1|
|0|.............255 137 1|
|0|.............255 137 1|
|0|.............255 137 1|
|0|.............255 137 1|
|0|.............255 137 1|
|0|.............255 137 1|
|0|.............255 137 1|
|0|.............255 137 1|
|0|.............255 137 1|
|0|.............255 137 1|
|0|.............255 137 1|
|0|.............255 137 1|
|0|.............255 137 1|
|0|.............255 137 1|
|0|.............255 137 1|
|0|.............255 137 1|
|0|.............000 000 0|
|0|.............000 000 0|
|0|.............000 000 0|
|0|.............000 000 0|
|0|.............000 000 0|
|0|.............000 000 0|
|0|.............000 000 0|
|0|.............000 000 0|
|0|.............000 000 0|
|0|.............000 000 0|
|0|.............000 000 0|
|0|.............000 000 0|
|0|.............000 000 0|
|0|.............000 000 0|
|0|.............000 000 0|
|0|.............000 000 0|
|0|.............000 000 0|
|0|.............000 000 0|
|0|.............000 000 0|
|0|.............000 000 0|
|0|.............000 000 0|
|0|.............000 000 0|
|0|.............000 000 0|
|0|.............000 000 0|
|0|.............000 000 0|
|0|.............000 000 0|
|0|.............000 000 0|
|0|.............000 000 0|
|0|.............000 000 0|
|0|.............000 000 0|
|0|.............000 000 0|
|0|.............000 000 0|
|0|.............000 000 0|
|0|.............000 000 0|
|0|.............000 000 0|
|0|.............000 000 0|
|0|.............000 000 0|
|0|.............000 000 0|
|0|.............000 000 0|
|0|.............000 000 0|
|0|.............000 000 0|
|0|.............000 000 0|
|0|.............000 000 0|
|0|.............000 000 0|
|0|.............000 000 0|
|0|.............000 000 0|
|0|.............000 000 0|
|0|.............000 000 0|
|0|.............000 000 0|
|0|.............000 000 0|
|0|.............000 000 0|
|0|.............000 000 0|
|0|.............000 000 0|
|0|.............000 000 0|
|0|.............000 000 0|
|0|.............000 000 0|
|0|.............000 000 0|
|0|.............000 000 0|
|0|.............000 000 0|
|0|.............000 000 0|
|0|.............000 000 0|
|0|.............000 000 0|
|0|.............000 000 0|
|0|.............000 000 0|
|0|.............000 000 0|
|0|.............148 118 1|
|0|.............148 118 1|
|0|.............000 000 0|
|0|.............000 000 0|
|0|.............000 000 0|
|0|.............000 000 0|
|0|.............000 000 0|
|0|.............138 039 1|
|0|.............138 039 1|
|0|.............000 000 0|
|0|.............000 000 0|
|0|.............255 140 1|
|0|.............255 140 1|
|0|.............255 140 1|
|0|.............255 140 1|
|0|.............255 140 1|
|0|.............255 140 1|
|0|.............255 140 1|
|0|.............255 140 1|
|0|.............255 140 1|
|0|.............255 140 1|
|0|.............255 140 1|
|0|.............255 140 1|
|0|.............255 140 1|
|0|.............255 140 1|
|0|.............255 140 1|
|0|.............255 140 1|
|0|.............255 140 1|
|0|.............255 140 1|
|0|.............255 140 1|
|0|.............255 140 1|
|0|.............255 140 1|
|0|.............255 140 1|
|0|.............255 140 1|
|0|.............255 140 1|
|0|.............255 140 1|
|0|.............255 140 1|
|0|.............255 140 1|
|0|.............255 140 1|
|0|.............255 140 1|
|0|.............255 140 1|
|0|.............255 140 1|
|0|.............255 140 1|
|0|.............255 140 1|
|0|.............255 140 1|
|0|.............255 140 1|
|0|.............255 140 1|
|0|.............255 140 1|
|0|.............255 140 1|
|0|.............255 140 1|
|0|.............255 140 1|
|0|.............255 140 1|
|0|.............255 140 1|
|0|.............255 140 1|
|0|.............255 140 1|
|0|.............255 140 1|
|0|.............255 140 1|
|0|.............255 140 1|
|0|.............255 140 1|
|0|.............255 140 1|
|0|.............255 140 1|
|0|.............255 140 1|
|0|.............255 140 1|
|0|.............255 140 1|
|0|.............255 140 1|
|0|.............255 140 1|
|0|.............255 140 1|
|0|.............255 140 1|
|0|.............255 140 1|
|0|.............255 140 1|
|0|.............255 140 1|
|0|.............255 140 1|
|0|.............255 140 1|
|0|.............255 140 1|
|0|.............255 140 1|
|0|.............255 140 1|
|0|.............255 140 1|
|0|.............255 140 1|
|0|.............255 140 1|
|0|.............255 140 1|
|0|.............255 140 1|
|0|.............255 140 1|
|0|.............255 140 1|
|0|.............255 140 1|
|0|.............255 140 1|
|0|.............255 140 1|
|0|.............255 140 1|
|0|.............255 140 1|
|0|.............255 140 1|
|0|.............255 140 1|
|0|.............255 140 1|
|0|.............255 140 1|
|0|.............255 140 1|
|0|.............255 140 1|
|0|.............255 140 1|
|0|.............255 140 1|
|0|.............255 140 1|
|0|.............255 140 1|
|0|.............255 140 1|
|0|.............255 140 1|
|0|.............255 140 1|
|0|.............255 140 1|
|0|.............255 140 1|
|0|.............255 140 1|
|0|.............255 140 1|
|0|.............255 140 1|
|0|.............255 140 1|
|0|.............255 140 1|
|0|.............255 140 1|
|0|.............255 140 1|
|0|.............255 140 1|
|0|.............255 140 1|
|0|.............255 140 1|
|0|.............255 140 1|
|0|.............255 140 1|
|0|.............255 140 1|
|0|.............255 140 1|
|0|.............255 140 1|
|0|.............255 140 1|
|0|.............255 140 1|
|0|.............255 140 1|
|0|.............255 140 1|
|0|.............255 140 1|
|0|.............255 140 1|
|0|.............255 140 1|
|0|.............255 140 1|
|0|.............255 140 1|
|0|.............255 140 1|
|0|.............255 140 1|
|0|.............255 140 1|
|0|.............255 140 1|
|0|.............255 140 1|
|0|.............255 140 1|
|0|.............255 140 1|
|0|.............255 140 1|
|0|.............255 140 1|
|0|.............255 140 1|
|0|.............255 140 1|
|0|.............255 140 1|
|0|.............255 140 1|
|0|.............255 140 1|
|0|.............255 140 1|
|0|.............255 140 1|
|0|.............255 140 1|
|0|.............255 140 1|
|0|.............000 000 0|
|0|.............000 000 0|
|0|.............000 000 0|
|0|.............000 000 0|
|0|.............000 000 0|
|0|.............000 000 0|
|0|.............000 000 0|
|0|.............000 000 0|
|0|.............000 000 0|
|0|.............000 000 0|
|0|.............000 000 0|
|0|.............000 000 0|
|0|.............000 000 0|
|0|.............000 000 0|
|0|.............000 000 0|
|0|.............000 000 0|
|0|.............000 000 0|
|0|.............000 000 0|
|0|.............000 000 0|
|0|.............000 000 0|
|0|.............000 000 0|
|0|.............000 000 0|
|0|.............000 000 0|
|0|.............000 000 0|
|0|.............000 000 0|
|0|.............000 000 0|
|0|.............000 000 0|
|0|.............000 000 0|
|0|.............000 000 0|
|0|.............000 000 0|
|0|.............000 000 0|
|0|.............000 000 0|
|0|.............000 000 0|
|0|.............000 000 0|
|0|.............000 000 0|
|0|.............000 000 0|
|0|.............000 000 0|
|0|.............000 000 0|
|0|.............000 000 0|
|0|.............000 000 0|
|0|.............000 000 0|
|0|.............000 000 0|
|0|.............000 000 0|
|0|.............000 000 0|
|0|.............000 000 0|
|0|.............000 000 0|
|0|.............000 000 0|
|0|.............000 000 0|
|0|.............000 000 0|
|0|.............000 000 0|
|0|.............000 000 0|
|0|.............000 000 0|
|0|.............000 000 0|
|0|.............000 000 0|
|0|.............000 000 0|
|0|.............000 000 0|
|0|.............000 000 0|
|0|.............000 000 0|
|0|.............000 000 0|
|0|.............000 000 0|
|0|.............000 000 0|
|0|.............000 000 0|
|0|.............000 000 0|
|0|.............000 000 0|
|0|.............000 000 0|
|0|.............000 000 0|
|0|.............000 000 0|
|0|.............000 000 0|
|0|.............000 000 0|
|0|.............000 000 0|
|0|.............000 000 0|
|0|.............000 000 0|
|0|.............000 000 0|
|0|.............000 000 0|
|0|.............000 000 0|
|0|.............000 000 0|
|0|.............000 000 0|
|0|.............000 000 0|
|0|.............000 000 0|
|0|.............000 000 0|
|0|.............000 000 0|
|0|.............000 000 0|
|0|.............000 000 0|
|0|.............000 000 0|
|0|.............000 000 0|
|0|.............000 000 0|
|0|.............000 000 0|
|0|.............000 000 0|
|0|.............000 000 0|
|0|.............000 000 0|
|0|.............000 000 0|
|0|.............000 000 0|
|0|.............000 000 0|
|0|.............000 000 0|
|0|.............000 000 0|
|0|.............000 000 0|
|0|.............000 000 0|
|0|.............000 000 0|
|0|.............000 000 0|
|0|.............000 000 0|
|0|.............000 000 0|
|0|.............000 000 0|
|0|.............000 000 0|
|0|.............000 000 0|
|0|.............000 000 0|
|0|.............000 000 0|
|0|.............000 000 0|
|0|.............000 000 0|
|0|.............000 000 0|
|0|.............000 000 0|
|0|.............000 000 0|
|0|.............000 000 0|
|0|.............000 000 0|
|0|.............000 000 0|
|0|.............000 000 0|
|0|.............000 000 0|
|0|.............000 000 0|
|0|.............000 000 0|
|0|.............000 000 0|
|0|.............000 000 0|
|0|.............000 000 0|
|0|.............000 000 0|
|0|.............000 000 0|
|0|.............000 000 0|
|0|.............000 000 0|
|0|.............000 000 0|
|0|.............000 000 0|
|0|.............000 000 0|
|0|.............000 000 0|
|0|.............000 000 0|
|0|.............000 000 0|
|0|.............000 000 0|
|0|.............000 000 0|
|0|.............000 000 0|
|0|.............000 000 0|
|0|.............000 000 0|
|0|.............000 000 0|
|0|.............000 000 0|
|0|.............000 000 0|
|0|.............000 000 0|
|0|.............000 000 0|
|0|.............000 000 0|
|0|.............000 000 0|
|0|.............000 000 0|
|0|.............000 000 0|
|0|.............000 000 0|
|0|.............000 000 0|
|0|.............000 000 0|
|0|.............000 000 0|
|0|.............000 000 0|
|0|.............000 000 0|
|0|.............000 000 0|
|0|.............000 000 0|
|0|.............000 000 0|
|0|.............000 000 0|
|0|.............000 000 0|
|0|.............000 000 0|
|0|.............000 000 0|
|0|.............000 000 0|
|0|.............000 000 0|
|0|.............000 000 0|
|0|.............000 000 0|
|0|.............000 000 0|
|0|.............000 000 0|
|0|.............000 000 0|
|0|.............000 000 0|
|0|.............000 000 0|
|0|.............000 000 0|
|0|.............000 000 0|
|0|.............000 000 0|
|0|.............000 000 0|
|0|.............000 000 0|
|0|.............000 000 0|
|0|.............000 000 0|
|0|.............000 000 0|
|0|.............000 000 0|
|0|.............000 000 0|
|0|.............000 000 0|
|0|.............000 000 0|
|0|.............000 000 0|
|0|.............000 000 0|
|0|.............000 000 0|
|0|.............000 000 0|
|0|.............000 000 0|
|0|.............000 000 0|
|0|.............000 000 0|
|0|.............000 000 0|
|0|.............000 000 0|
|0|.............000 000 0|
|0|.............000 000 0|
|0|.............000 000 0|
|0|.............000 000 0|
|0|.............000 000 0|
|0|.............000 000 0|
|0|.............000 000 0|
|0|.............000 000 0|
|0|.............000 000 0|
|0|.............000 000 0|
|0|.............000 000 0|
|0|.............000 000 0|
|0|.............000 000 0|
|0|.............000 000 0|
|0|.............000 000 0|
|0|.............000 000 0|
|0|.............000 000 0|
|0|.............000 000 0|
|0|.............000 000 0|
|0|.............000 000 0|
|0|.............000 000 0|
|0|.............000 000 0|
|0|.............000 000 0|
|0|.............000 000 0|
|0|.............000 000 0|
|0|.............000 000 0|
|0|.............000 000 0|
|0|.............000 000 0|
|0|.............000 000 0|
|0|.............000 000 0|
|0|.............000 000 0|
|0|.............000 000 0|
|0|.............000 000 0|
|0|.............000 000 0|
|0|.............000 000 0|
|0|.............000 000 0|
|0|.............000 000 0|
|0|.............000 000 0|
|0|.............000 000 0|
|0|.............000 000 0|
|0|.............000 000 0|
|0|.............000 000 0|
|0|.............000 000 0|
|0|.............000 000 0|
|0|.............000 000 0|
|0|.............000 000 0|
|0|.............000 000 0|
|0|.............000 000 0|
|0|.............000 000 0|
|0|.............000 000 0|
|0|.............000 000 0|
|0|.............000 000 0|
|0|.............000 000 0|
|0|.............000 000 0|
|0|.............000 000 0|
|0|.............000 000 0|
|0|.............000 000 0|
|0|.............000 000 0|
|0|.............000 000 0|
|0|.............000 000 0|
|0|.............000 000 0|
|0|.............000 000 0|
|0|.............000 000 0|
|0|.............000 000 0|
|0|.............000 000 0|
|0|.............000 000 0|
|0|.............000 000 0|
|0|.............000 000 0|
|0|.............000 000 0|
|0|.............000 000 0|
|0|.............000 000 0|
|0|.............000 000 0|
|0|.............000 000 0|
|0|.............000 000 0|
|0|.............200 120 1|
|0|.............200 120 1| * select OK in hint dialog *
|0|.............000 000 0|
|0|.............000 000 0|
|0|.............000 000 0|
|0|.............000 000 0|
|0|.............000 000 0|
|0|.............000 000 0|
|0|.............000 000 0|
|0|.............000 000 0|
|0|.............000 000 0|
|0|.............000 125 1| * run left against the wall *
|0|.............000 125 1|
|0|.............000 125 1|
|0|.............000 125 1|
|0|.............000 125 1|
|0|.............000 125 1|
|0|.............000 125 1|
|0|.............000 125 1|
|0|.............000 125 1|
|0|.............000 125 1|
|0|.............000 125 1|
|0|.............000 125 1|
|0|.............000 125 1|
|0|.............000 125 1|
|0|.............000 125 1|
|0|.............000 125 1|
|0|.............000 125 1|
|0|.............000 125 1|
|0|.............000 125 1|
|0|.............000 125 1|
|0|.............000 125 1|
|0|.............000 125 1|
|0|.............000 125 1|
|0|.............000 125 1|
|0|.............000 125 1|
|0|.............000 125 1|
|0|.............000 125 1|
|0|.............000 125 1|
|0|.............000 125 1|
|0|.............000 125 1|
|0|.............000 125 1|
|0|.............000 125 1|
|0|.............000 125 1|
|0|.............000 125 1|
|0|.............000 125 1|
|0|.............000 125 1|
|0|.............000 125 1|
|0|.............000 125 1|
|0|.............000 125 1|
|0|.............000 125 1|
|0|.............000 125 1|
|0|.............000 125 1|
|0|.............000 125 1|
|0|.............000 125 1|
|0|.............000 125 1|
|0|.............000 125 1|
|0|.............000 125 1|
|0|.............000 125 1|
|0|.............000 125 1|
|0|.............000 125 1|
|0|.............000 125 1|
|0|.............000 125 1|
|0|.............000 125 1|
|0|.............000 125 1|
|0|.............000 125 1|
|0|.............255 125 1| * turn to the right and run to the first tree branches *
|0|.............255 125 1|
|0|.............255 125 1|
|0|.............255 125 1|
|0|.............255 125 1|
|0|.............255 125 1|
|0|.............255 125 1|
|0|.............255 125 1|
|0|.............255 125 1|
|0|.............255 125 1|
|0|.............255 125 1|
|0|.............255 125 1|
|0|.............255 125 1|
|0|.............255 125 1|
|0|.............255 125 1|
|0|.............255 125 1|
|0|.............255 125 1|
|0|.............255 125 1|
|0|.............255 125 1|
|0|.............255 125 1|
|0|.............255 125 1|
|0|.............255 125 1|
|0|.............255 125 1|
|0|.............255 125 1|
|0|.............255 125 1|
|0|.............255 125 1|
|0|.............255 125 1|
|0|.............255 125 1|
|0|.............255 125 1|
|0|.............255 125 1|
|0|.............255 125 1|
|0|.............255 125 1|
|0|.............255 125 1|
|0|.............255 125 1|
|0|.............255 125 1|
|0|.............255 125 1|
|0|.............000 000 0|
|0|.............000 000 0|
|0|.............056 021 1| * recenter camera *
|0|.............000 000 0|
|0|.............000 000 0|
|0|.............000 000 0|
|0|.............000 000 0|
|0|.............000 000 0|
|0|.............000 000 0|
|0|.............000 000 0|
|0|.............000 000 0|
|0|.............000 000 0|
|0|.............000 000 0|
|0|.............000 000 0|
|0|.............000 000 0|
|0|.............000 000 0|
|0|.............000 000 0|
|0|.............000 000 0|
|0|.............000 000 0|
|0|.............238 021 1|
|0|.............238 021 1| * open notebook *
|0|.............000 000 0|
|0|.............000 000 0|
|0|.............000 000 0|
|0|.............000 000 0|
|0|.............000 000 0|
|0|.............000 000 0|
|0|.............000 000 0|
|0|.............000 000 0|
|0|.............000 000 0|
|0|.............000 000 0|
|0|.............000 000 0|
|0|.............000 000 0|
|0|.............000 000 0|
|0|.............000 000 0|
|0|.............000 000 0|
|0|.............000 000 0|
|0|.............000 000 0|
|0|.............000 000 0|
|0|.............000 000 0|
|0|.............000 000 0|
|0|.............000 000 0|
|0|.............000 000 0|
|0|.............000 000 0|
|0|.............000 000 0|
|0|.............000 000 0|
|0|.............000 000 0|
|0|.............000 000 0|
|0|.............000 000 0|
|0|.............000 000 0|
|0|.............000 000 0|
|0|.............000 000 0|
|0|.............000 000 0|
|0|.............000 000 0|
|0|.............000 000 0|
|0|.............000 000 0|
|0|.............000 000 0|
