|0|.............118 062 1|
|0|.............000 000 0|
|0|.............000 000 0|
|0|.............180 062 1|
|0|.............000 000 0|
|0|.............000 000 0|
|0|.............194 132 1|
|0|.............000 000 0|
|0|.............000 000 0|
|0|.............076 062 1|
|0|.............000 000 0|
|0|.............000 000 0|
|0|.............216 098 1|
|0|.............000 000 0|
|0|.............000 000 0|
|0|.............076 062 1|
|0|.............000 000 0|
|0|.............000 000 0|
|0|.............070 098 1|
|0|.............000 000 0|
|0|.............000 000 0|
|0|.............070 098 1|
|0|.............000 000 0|
|0|.............000 000 0|
|0|.............160 176 1|
|0|.............000 000 0|
|0|.............000 000 0|
|0|.............194 132 1|
|0|.............000 000 0|
|0|.............000 000 0|
|0|.............048 098 1|
|0|.............000 000 0|
|0|.............000 000 0|
|0|.............132 098 1|
|0|.............000 000 0|
|0|.............000 000 0|
|0|.............180 062 1|
|0|.............000 000 0|
|0|.............000 000 0|
|0|.............110 132 1|
|0|.............000 000 0|
|0|.............000 000 0|
|0|.............160 176 1|
|0|.............000 000 0|
|0|.............000 000 0|
|0|.............110 132 1|
|0|.............000 000 0|
|0|.............000 000 0|
|0|.............048 098 1|
|0|.............000 000 0|
|0|.............000 000 0|
|0|.............096 062 1|
|0|.............000 000 0|
|0|.............000 000 0|
|0|.............222 062 1|
|0|.............000 000 0|
|0|.............000 000 0|
|0|.............076 062 1|
|0|.............000 000 0|
|0|.............000 000 0|
|0|.............118 062 1|
|0|.............000 000 0|
|0|.............000 000 0|
|0|.............242 176 1|
|0|.............000 000 0| * TIMELESS MAGIC CARPET has been typed *
|0|.............000 000 0|
|0|.............000 000 0|
|0|.............000 000 0|
|0|.............000 000 0|
|0|.............000 000 0|
|0|.............000 000 0|
|0|.............000 000 0|
|0|.............000 000 0|
|0|.............000 000 0|
|0|.............000 000 0|
|0|.............000 000 0|
|0|.............000 000 0|
|0|.............000 000 0|
|0|.............000 000 0|
|0|.............000 000 0|
|0|.............000 000 0|
|0|.............000 000 0|
|0|.............000 000 0|
|0|.............000 000 0|
|0|.............000 000 0|
|0|.............000 000 0|
|0|.............000 000 0|
|0|.............000 000 0|
|0|.............000 000 0|
|0|.............000 000 0|
|0|.............000 000 0|
|0|.............000 000 0|
|0|.............000 000 0|
|0|.............000 000 0|
|0|.............000 000 0|
|0|.............000 000 0|
|0|.............000 000 0|
|0|.............000 000 0|
|0|.............000 000 0|
|0|.............000 000 0|
|0|.............000 000 0|
|0|.............000 000 0|
|0|.............000 000 0|
|0|.............000 000 0|
|0|.............000 000 0|
|0|.............000 000 0|
|0|.............000 000 0|
|0|.............126 081 1| * Move magic carpet over knight *
|0|.............126 081 1|
|0|.............054 089 1|
|0|.............054 089 1|
|0|.............054 089 1|
|0|.............054 089 1|
|0|.............000 000 0|
|0|.............255 000 1| * Run all the way to the right *
|0|.............255 000 1|
|0|.............255 000 1|
|0|.............255 000 1|
|0|.............255 000 1|
|0|.............255 000 1|
|0|.............255 000 1|
|0|.............255 000 1|
|0|.............255 000 1|
|0|.............255 000 1|
|0|.............255 000 1|
|0|.............255 000 1|
|0|.............255 000 1|
|0|.............255 000 1|
|0|.............255 000 1|
|0|.............255 000 1|
|0|.............255 000 1|
|0|.............255 000 1|
|0|.............255 000 1|
|0|.............255 000 1|
|0|.............255 000 1|
|0|.............255 000 1|
|0|.............255 000 1|
|0|.............255 000 1|
|0|.............255 000 1|
|0|.............255 000 1|
|0|.............255 000 1|
|0|.............255 000 1|
|0|.............255 000 1|
|0|.............255 000 1|
|0|.............255 000 1|
|0|.............255 000 1|
|0|.............255 000 1|
|0|.............255 000 1|
|0|.............255 000 1|
|0|.............255 000 1|
|0|.............255 000 1|
|0|.............255 000 1|
|0|.............255 000 1|
|0|.............255 000 1|
|0|.............255 000 1|
|0|.............255 000 1|
|0|.............255 000 1|
|0|.............255 000 1|
|0|.............255 000 1|
|0|.............255 000 1|
|0|.............255 000 1|
|0|.............255 000 1|
|0|.............255 000 1|
|0|.............255 000 1|
|0|.............255 000 1|
|0|.............255 000 1|
|0|.............255 000 1|
|0|.............255 000 1|
|0|.............255 000 1|
|0|.............255 000 1|
|0|.............255 000 1|
|0|.............255 000 1|
|0|.............255 000 1|
|0|.............255 000 1|
|0|.............255 000 1|
|0|.............255 000 1|
|0|.............255 000 1|
|0|.............255 000 1|
|0|.............255 000 1|
|0|.............255 000 1|
|0|.............255 000 1|
|0|.............255 000 1|
|0|.............255 000 1|
|0|.............255 000 1|
|0|.............255 000 1|
|0|.............255 000 1|
|0|.............255 000 1|
|0|.............255 000 1|
|0|.............255 000 1|
|0|.............255 000 1|
|0|.............255 000 1|
|0|.............255 000 1|
|0|.............255 000 1|
|0|.............255 000 1|
|0|.............255 000 1|
|0|.............255 000 1|
|0|.............255 000 1|
|0|.............255 000 1|
|0|.............255 000 1|
|0|.............255 000 1|
|0|.............255 000 1|
|0|.............255 000 1|
|0|.............255 000 1|
|0|.............255 000 1|
|0|.............255 000 1|
|0|.............255 000 1|
|0|.............255 000 1|
|0|.............255 000 1|
|0|.............255 000 1|
|0|.............255 000 1|
|0|.............255 000 1|
|0|.............255 000 1|
|0|.............255 000 1|
|0|.............255 000 1|
|0|.............255 000 1|
|0|.............255 000 1|
|0|.............255 000 1|
|0|.............255 000 1|
|0|.............255 000 1|
|0|.............255 000 1|
|0|.............255 000 1|
|0|.............255 000 1|
|0|.............255 000 1|
|0|.............255 000 1|
|0|.............255 000 1|
|0|.............255 000 1|
|0|.............255 000 1|
|0|.............255 000 1|
|0|.............255 000 1|
|0|.............255 000 1|
|0|.............255 000 1|
|0|.............255 000 1|
|0|.............255 000 1|
|0|.............255 000 1|
|0|.............255 000 1|
|0|.............255 000 1|
|0|.............255 000 1|
|0|.............255 000 1|
|0|.............255 000 1|
|0|.............255 000 1|
|0|.............255 000 1|
|0|.............255 000 1|
|0|.............255 000 1|
|0|.............255 000 1|
|0|.............255 000 1|
|0|.............255 000 1|
|0|.............255 000 1|
|0|.............255 000 1|
|0|.............255 000 1|
|0|.............255 000 1|
|0|.............255 000 1|
|0|.............255 000 1|
|0|.............255 000 1|
|0|.............255 000 1|
|0|.............255 000 1|
|0|.............255 000 1|
|0|.............255 000 1|
|0|.............255 000 1|
|0|.............255 000 1|
|0|.............255 000 1|
|0|.............255 000 1|
|0|.............255 000 1|
|0|.............255 000 1|
|0|.............255 000 1|
|0|.............255 000 1|
|0|.............255 000 1|
|0|.............255 000 1|
|0|.............255 000 1|
|0|.............255 000 1|
|0|.............255 000 1|
|0|.............255 000 1|
|0|.............255 000 1|
|0|.............255 000 1|
|0|.............255 000 1|
|0|.............255 000 1|
|0|.............255 000 1|
|0|.............255 000 1|
|0|.............255 000 1|
|0|.............255 000 1|
|0|.............255 000 1|
|0|.............255 000 1|
|0|.............255 000 1|
|0|.............255 000 1|
|0|.............255 000 1|
|0|.............255 000 1|
|0|.............255 000 1|
|0|.............255 000 1|
|0|.............255 000 1|
|0|.............255 000 1|
|0|.............255 000 1|
|0|.............255 000 1|
|0|.............255 000 1|
|0|.............255 000 1|
|0|.............255 000 1|
|0|.............255 000 1|
|0|.............255 000 1|
|0|.............255 000 1|
|0|.............255 000 1|
|0|.............255 000 1|
|0|.............255 000 1|
|0|.............255 000 1|
|0|.............255 000 1|
|0|.............255 000 1|
|0|.............255 000 1|
|0|.............255 000 1|
|0|.............255 000 1|
|0|.............255 000 1|
|0|.............255 000 1|
|0|.............255 000 1|
|0|.............255 000 1|
|0|.............255 000 1|
|0|.............255 000 1|
|0|.............255 000 1|
|0|.............255 000 1|
|0|.............255 000 1|
|0|.............255 000 1|
|0|.............255 000 1|
|0|.............255 000 1|
|0|.............255 000 1|
|0|.............255 000 1|
|0|.............255 000 1|
|0|.............255 000 1|
|0|.............255 000 1|
|0|.............255 000 1|
|0|.............255 000 1|
|0|.............255 000 1|
|0|.............255 000 1|
|0|.............255 000 1|
|0|.............255 000 1|
|0|.............255 000 1|
|0|.............255 000 1|
|0|.............255 000 1|
|0|.............255 000 1|
|0|.............255 000 1|
|0|.............255 000 1|
|0|.............255 000 1|
|0|.............255 000 1|
|0|.............255 000 1|
|0|.............255 000 1|
|0|.............255 000 1|
|0|.............255 000 1|
|0|.............255 000 1|
|0|.............255 000 1|
|0|.............255 000 1|
|0|.............255 000 1|
|0|.............255 000 1|
|0|.............255 000 1|
|0|.............255 000 1|
|0|.............255 000 1|
|0|.............255 000 1|
|0|.............255 000 1|
|0|.............255 000 1|
|0|.............255 000 1|
|0|.............255 000 1|
|0|.............255 000 1|
|0|.............255 000 1|
|0|.............255 000 1|
|0|.............255 000 1|
|0|.............255 000 1|
|0|.............255 000 1|
|0|.............255 000 1|
|0|.............255 000 1|
|0|.............255 000 1|
|0|.............255 000 1|
|0|.............255 000 1|
|0|.............255 000 1|
|0|.............255 000 1|
|0|.............255 000 1|
|0|.............255 000 1|
|0|.............255 000 1|
|0|.............255 000 1|
|0|.............255 000 1|
|0|.............255 000 1|
|0|.............255 000 1|
|0|.............255 000 1|
|0|.............255 000 1|
|0|.............255 000 1|
|0|.............255 000 1|
|0|.............255 000 1|
|0|.............255 000 1|
|0|.............255 000 1|
|0|.............255 000 1|
|0|.............255 000 1|
|0|.............255 000 1|
|0|.............255 000 1|
|0|.............255 000 1|
|0|.............255 000 1|
|0|.............255 000 1|
|0|.............255 000 1|
|0|.............255 000 1|
|0|.............255 000 1|
|0|.............255 000 1|
|0|.............255 000 1|
|0|.............255 000 1|
|0|.............255 000 1|
|0|.............255 000 1|
|0|.............255 000 1|
|0|.............255 000 1|
|0|.............255 000 1|
|0|.............255 000 1|
|0|.............255 000 1|
|0|.............255 000 1|
|0|.............255 000 1|
|0|.............255 000 1|
|0|.............255 000 1|
|0|.............255 000 1|
|0|.............255 000 1|
|0|.............255 000 1|
|0|.............255 000 1|
|0|.............255 000 1|
|0|.............255 000 1|
|0|.............255 000 1|
|0|.............255 000 1|
|0|.............255 000 1|
|0|.............255 000 1|
|0|.............255 000 1|
|0|.............255 000 1|
|0|.............255 000 1|
|0|.............255 000 1|
|0|.............255 000 1|
|0|.............255 000 1|
|0|.............255 000 1|
|0|.............255 000 1|
|0|.............255 000 1|
|0|.............255 000 1|
|0|.............255 000 1|
|0|.............255 000 1|
|0|.............255 000 1|
|0|.............255 000 1|
|0|.............255 000 1|
|0|.............255 000 1|
|0|.............255 000 1|
|0|.............255 000 1|
|0|.............255 000 1|
|0|.............255 000 1|
|0|.............255 000 1|
|0|.............255 000 1|
|0|.............255 000 1|
|0|.............255 000 1|
|0|.............255 000 1|
|0|.............255 000 1|
|0|.............255 000 1|
|0|.............255 000 1|
|0|.............255 000 1|
|0|.............255 000 1|
|0|.............255 000 1|
|0|.............255 000 1|
|0|.............255 000 1|
|0|.............255 000 1|
|0|.............255 000 1|
|0|.............255 000 1|
|0|.............255 000 1|
|0|.............255 000 1|
|0|.............255 000 1|
|0|.............255 000 1|
|0|.............255 000 1|
|0|.............255 000 1|
|0|.............255 000 1|
|0|.............255 000 1|
|0|.............255 000 1|
|0|.............255 000 1|
|0|.............255 000 1|
|0|.............255 000 1|
|0|.............255 000 1|
|0|.............255 000 1|
|0|.............255 000 1|
|0|.............255 000 1|
|0|.............255 000 1|
|0|.............255 000 1|
|0|.............255 000 1|
|0|.............255 000 1|
|0|.............255 000 1|
|0|.............255 000 1|
|0|.............255 000 1|
|0|.............255 000 1|
|0|.............255 000 1|
|0|.............255 000 1|
|0|.............255 000 1|
|0|.............255 000 1|
|0|.............255 000 1|
|0|.............255 000 1|
|0|.............255 000 1|
|0|.............255 000 1|
|0|.............255 000 1|
|0|.............255 000 1|
|0|.............255 000 1|
|0|.............255 000 1|
|0|.............255 000 1|
|0|.............255 000 1|
|0|.............255 000 1|
|0|.............255 000 1|
|0|.............255 000 1|
|0|.............255 000 1|
|0|.............255 000 1|
|0|.............255 000 1|
|0|.............255 000 1|
|0|.............255 000 1|
|0|.............255 000 1|
|0|.............255 000 1|
|0|.............255 000 1|
|0|.............255 000 1|
|0|.............255 000 1|
|0|.............255 000 1|
|0|.............255 000 1|
|0|.............255 000 1|
|0|.............255 000 1|
|0|.............255 000 1|
|0|.............255 000 1|
|0|.............255 000 1|
|0|.............255 000 1|
|0|.............255 000 1|
|0|.............255 000 1|
|0|.............255 000 1|
|0|.............255 000 1|
|0|.............255 000 1|
|0|.............255 000 1|
|0|.............255 000 1|
|0|.............255 000 1|
|0|.............255 000 1|
|0|.............255 000 1|
|0|.............255 000 1|
|0|.............255 000 1|
|0|.............255 000 1|
|0|.............255 000 1|
|0|.............255 000 1|
|0|.............255 000 1|
|0|.............255 000 1|
|0|.............255 000 1|
|0|.............255 000 1|
|0|.............255 000 1|
|0|.............255 000 1|
|0|.............255 000 1|
|0|.............255 000 1|
|0|.............255 000 1|
|0|.............255 000 1|
|0|.............255 000 1|
|0|.............255 000 1|
|0|.............255 000 1|
|0|.............255 000 1|
|0|.............255 000 1|
|0|.............255 000 1|
|0|.............255 000 1|
|0|.............255 000 1|
|0|.............255 000 1|
|0|.............255 000 1|
|0|.............255 000 1|
|0|.............255 000 1|
|0|.............255 000 1|
|0|.............255 000 1|
|0|.............255 000 1|
|0|.............255 000 1|
|0|.............255 000 1|
|0|.............255 000 1|
|0|.............255 000 1|
|0|.............255 000 1|
|0|.............255 000 1|
|0|.............255 000 1|
|0|.............255 000 1|
|0|.............255 000 1|
|0|.............255 000 1|
|0|.............255 000 1|
|0|.............255 000 1|
|0|.............255 000 1|
|0|.............255 000 1|
|0|.............255 000 1|
|0|.............255 000 1|
|0|.............255 000 1|
|0|.............255 000 1|
|0|.............255 000 1|
|0|.............255 000 1|
|0|.............255 000 1|
|0|.............255 000 1|
|0|.............255 000 1|
|0|.............255 000 1|
|0|.............255 000 1|
|0|.............255 000 1|
|0|.............255 000 1|
|0|.............255 000 1|
|0|.............255 000 1|
|0|.............255 000 1|
|0|.............255 000 1|
|0|.............255 000 1|
|0|.............255 000 1|
|0|.............255 000 1|
|0|.............255 000 1|
|0|.............255 000 1|
|0|.............255 000 1|
|0|.............255 000 1|
|0|.............255 000 1|
|0|.............255 000 1|
|0|.............255 000 1|
|0|.............255 000 1|
|0|.............255 000 1|
|0|.............255 000 1|
|0|.............255 000 1|
|0|.............255 000 1|
|0|.............255 000 1|
|0|.............255 000 1|
|0|.............255 000 1|
|0|.............255 000 1|
|0|.............255 000 1|
|0|.............255 000 1|
|0|.............255 000 1|
|0|.............255 000 1|
|0|.............255 000 1|
|0|.............255 000 1|
|0|.............255 000 1|
|0|.............255 000 1|
|0|.............255 000 1|
|0|.............255 000 1|
|0|.............255 000 1|
|0|.............255 000 1|
|0|.............255 000 1|
|0|.............255 000 1|
|0|.............255 000 1|
|0|.............255 000 1|
|0|.............255 000 1|
|0|.............255 000 1|
|0|.............255 000 1|
|0|.............255 000 1|
|0|.............255 000 1|
|0|.............255 000 1|
|0|.............255 000 1|
|0|.............255 000 1|
|0|.............255 000 1|
|0|.............255 000 1|
|0|.............255 000 1|
|0|.............255 000 1|
|0|.............255 000 1|
|0|.............255 000 1|
|0|.............255 000 1|
|0|.............255 000 1|
|0|.............255 000 1|
|0|.............255 000 1|
|0|.............255 000 1|
|0|.............255 000 1|
|0|.............255 000 1|
|0|.............255 000 1|
|0|.............255 000 1|
|0|.............255 000 1|
|0|.............255 000 1|
|0|.............255 000 1|
|0|.............255 000 1|
|0|.............255 000 1|
|0|.............255 000 1|
|0|.............255 000 1|
|0|.............255 000 1|
|0|.............255 000 1|
|0|.............255 000 1|
|0|.............255 000 1|
|0|.............255 000 1|
|0|.............255 000 1|
|0|.............255 000 1|
|0|.............255 000 1|
|0|.............255 000 1|
|0|.............255 000 1|
|0|.............255 000 1|
|0|.............255 000 1|
|0|.............255 000 1|
|0|.............255 000 1|
|0|.............255 000 1|
|0|.............255 000 1|
|0|.............255 000 1|
|0|.............255 000 1|
|0|.............255 000 1|
|0|.............255 000 1|
|0|.............255 000 1|
|0|.............255 000 1|
|0|.............255 000 1|
|0|.............255 000 1|
|0|.............255 000 1|
|0|.............255 000 1|
|0|.............000 095 1|
|0|.............000 095 1|
|0|.............000 000 0|
|0|.............000 000 0|
|0|.............000 000 0|
|0|.............000 000 0|
|0|.............000 000 0|
|0|.............000 000 0|
|0|.............000 000 0|
|0|.............000 000 0|
|0|.............000 000 0|
|0|.............000 000 0|
|0|.............000 000 0|
|0|.............000 000 0|
|0|.............000 000 0|
|0|.............000 000 0|
|0|.............000 000 0|
|0|.............000 000 0|
|0|.............000 000 0|
|0|.............000 000 0|
|0|.............000 000 0|
|0|.............000 000 0|
|0|.............000 000 0|
|0|.............000 000 0|
|0|.............000 000 0|
|0|.............000 000 0|
|0|.............000 000 0|
|0|.............000 000 0|
|0|.............000 000 0|
|0|.............000 000 0|
|0|.............000 000 0|
|0|.............000 000 0|
|0|.............000 000 0|
|0|.............000 000 0|
|0|.............000 000 0|
|0|.............000 000 0|
|0|.............000 000 0|
|0|.............000 000 0|
|0|.............000 000 0|
|0|.............000 000 0|
|0|.............000 000 0|
|0|.............000 000 0|
|0|.............000 000 0|
|0|.............000 000 0|
|0|.............000 000 0|
|0|.............000 000 0|
|0|.............000 000 0|
|0|.............000 000 0|
|0|.............000 000 0|
|0|.............000 000 0|
|0|.............000 000 0|
|0|.............000 000 0|
|0|.............000 000 0|
|0|.............000 000 0|
|0|.............000 000 0|
|0|.............000 000 0|
|0|.............000 000 0|
|0|.............000 000 0|
|0|.............000 000 0|
|0|.............000 000 0|
|0|.............000 000 0|
|0|.............000 000 0|
|0|.............000 000 0|
|0|.............000 000 0|
|0|.............000 000 0|
|0|.............000 000 0|
|0|.............000 000 0|
|0|.............000 000 0|
|0|.............000 000 0|
|0|.............000 000 0|
|0|.............000 000 0|
|0|.............000 000 0|
|0|.............000 000 0|
|0|.............000 000 0|
|0|.............000 000 0|
|0|.............000 000 0|
|0|.............000 000 0|
|0|.............000 000 0|
|0|.............000 000 0|
|0|.............000 000 0|
|0|.............000 000 0|
|0|.............000 000 0|
|0|.............000 000 0|
|0|.............000 000 0|
|0|.............000 000 0|
|0|.............000 000 0|
|0|.............000 000 0|
|0|.............000 000 0|
|0|.............000 000 0|
|0|.............000 000 0|
|0|.............000 000 0|
|0|.............000 000 0|
|0|.............000 000 0|
|0|.............000 000 0|
|0|.............000 000 0|
|0|.............000 000 0|
|0|.............000 000 0|
|0|.............000 000 0|
|0|.............000 000 0|
|0|.............000 000 0|
|0|.............000 000 0|
|0|.............000 000 0|
|0|.............000 000 0|
|0|.............000 000 0|
|0|.............000 000 0|
|0|.............000 000 0|
|0|.............000 000 0|
|0|.............000 000 0|
|0|.............000 000 0|
|0|.............000 000 0|
|0|.............000 000 0|
|0|.............000 000 0|
|0|.............000 000 0|
|0|.............000 000 0|
|0|.............000 000 0|
|0|.............000 000 0|
|0|.............000 000 0|
|0|.............000 000 0|
|0|.............000 000 0|
|0|.............000 000 0|
|0|.............000 000 0|
|0|.............000 000 0|
|0|.............000 000 0|
|0|.............000 000 0|
|0|.............000 000 0|
|0|.............000 000 0|
|0|.............000 000 0|
|0|.............000 000 0|
|0|.............000 000 0|
|0|.............000 000 0|
|0|.............000 000 0|
|0|.............000 000 0|
|0|.............000 000 0|
|0|.............000 000 0|
|0|.............000 000 0|
|0|.............000 000 0|
|0|.............000 000 0|
|0|.............000 000 0|
|0|.............000 000 0|
|0|.............000 000 0|
|0|.............000 000 0|
|0|.............000 000 0|
|0|.............000 000 0|
|0|.............000 000 0|
|0|.............000 000 0|
|0|.............255 000 1| * Run towards the starite *
|0|.............255 000 1|
|0|.............255 000 1|
|0|.............255 000 1|
|0|.............255 000 1|
|0|.............255 000 1|
|0|.............255 000 1|
|0|.............255 000 1|
|0|.............255 000 1|
|0|.............255 000 1|
|0|.............255 000 1|
|0|.............255 000 1|
|0|.............255 000 1|
|0|.............255 000 1|
|0|.............255 000 1|
|0|.............255 000 1|
|0|.............255 000 1|
|0|.............255 000 1|
|0|.............255 000 1|
|0|.............255 000 1|
|0|.............255 000 1|
|0|.............255 000 1|
|0|.............255 000 1|
|0|.............255 000 1|
|0|.............255 000 1|
|0|.............255 000 1|
|0|.............255 000 1|
|0|.............255 000 1|
|0|.............255 000 1|
|0|.............255 000 1|
|0|.............255 000 1|
|0|.............255 000 1|
|0|.............255 000 1|
|0|.............255 000 1|
|0|.............255 000 1|
|0|.............255 000 1|
|0|.............255 000 1|
|0|.............255 000 1|
|0|.............255 000 1|
|0|.............255 000 1|
|0|.............255 000 1|
|0|.............255 000 1|
|0|.............255 000 1|
|0|.............255 000 1|
|0|.............255 000 1|
|0|.............255 000 1|
|0|.............255 000 1|
|0|.............255 000 1|
|0|.............255 000 1|
|0|.............255 000 1|
|0|.............255 000 1|
|0|.............255 000 1| * Collect 5-9 starite *
