|0|.............222 062 1|
|0|.............000 000 0|
|0|.............000 000 0|
|0|.............180 062 1|
|0|.............000 000 0|
|0|.............000 000 0|
|0|.............216 098 1|
|0|.............000 000 0|
|0|.............000 000 0|
|0|.............202 062 1|
|0|.............000 000 0|
|0|.............000 000 0|
|0|.............118 062 1|
|0|.............000 000 0|
|0|.............000 000 0|
|0|.............048 098 1|
|0|.............000 000 0|
|0|.............000 000 0|
|0|.............152 132 1|
|0|.............000 000 0|
|0|.............000 000 0|
|0|.............216 098 1|
|0|.............000 000 0|
|0|.............000 000 0|
|0|.............076 062 1|
|0|.............000 000 0|
|0|.............000 000 0|
|0|.............160 176 1|
|0|.............000 000 0|
|0|.............000 000 0|
|0|.............096 062 1|
|0|.............000 000 0|
|0|.............000 000 0|
|0|.............110 132 1|
|0|.............000 000 0|
|0|.............000 000 0|
|0|.............160 176 1|
|0|.............000 000 0|
|0|.............000 000 0|
|0|.............222 062 1|
|0|.............000 000 0|
|0|.............000 000 0|
|0|.............216 098 1|
|0|.............000 000 0|
|0|.............000 000 0|
|0|.............048 098 1|
|0|.............000 000 0|
|0|.............000 000 0|
|0|.............174 132 1|
|0|.............000 000 0|
|0|.............000 000 0|
|0|.............076 062 1|
|0|.............000 000 0|
|0|.............000 000 0|
|0|.............242 176 1|
|0|.............000 000 0| * PILOTABLE RC PLANE has been typed *
|0|.............000 000 0|
|0|.............000 000 0|
|0|.............000 000 0|
|0|.............000 000 0|
|0|.............000 000 0|
|0|.............000 000 0|
|0|.............000 000 0|
|0|.............000 000 0|
|0|.............000 000 0|
|0|.............000 000 0|
|0|.............000 000 0|
|0|.............000 000 0|
|0|.............000 000 0|
|0|.............000 000 0|
|0|.............000 000 0|
|0|.............000 000 0|
|0|.............000 000 0|
|0|.............000 000 0|
|0|.............000 000 0|
|0|.............000 000 0|
|0|.............000 000 0|
|0|.............000 000 0|
|0|.............000 000 0|
|0|.............000 000 0|
|0|.............000 000 0|
|0|.............000 000 0|
|0|.............000 000 0|
|0|.............000 000 0|
|0|.............000 000 0|
|0|.............000 000 0|
|0|.............000 000 0|
|0|.............000 000 0|
|0|.............000 000 0|
|0|.............000 000 0|
|0|.............000 000 0|
|0|.............000 000 0|
|0|.............000 000 0|
|0|.............000 000 0|
|0|.............000 000 0|
|0|.............000 000 0|
|0|.............000 000 0|
|0|.............000 000 0|
|0|.............000 000 0|
|0|.............126 083 1|
|0|.............126 083 1| * Move RC Plane over the knight *
|0|.............062 090 1|
|0|.............062 090 1|
|0|.............062 090 1|
|0|.............062 090 1|
|0|.............062 090 1|
|0|.............062 090 1|
|0|.............062 090 1|
|0|.............062 090 1|
|0|.............062 090 1|
|0|.............062 090 1|
|0|.............062 090 1|
|0|.............000 000 0|
|0|.............000 000 0|
|0|.............000 000 0|
|0|.............000 000 0|
|0|.............000 000 0|
|0|.............000 000 0|
|0|.............182 079 1| * Select "Ride" *
|0|.............000 000 0|
|0|.............000 000 0|
|0|.............000 000 0|
|0|.............000 000 0|
|0|.............000 000 0|
|0|.............000 000 0|
|0|.............000 000 0|
|0|.............000 000 0|
|0|.............000 000 0|
|0|.............000 000 0|
|0|.............050 100 1|
|0|.............050 100 1| * Select RC plane *
|0|.............000 000 0|
|0|.............000 000 0|
|0|.............000 000 0|
|0|.............000 000 0|
|0|.............000 000 0|
|0|.............000 000 0|
|0|.............000 000 0|
|0|.............000 000 0|
|0|.............070 079 1| * Select "Command" *
|0|.............000 000 0|
|0|.............000 000 0|
|0|.............255 078 1| * Pilot the plane all the way to the right *
|0|.............255 078 1|
|0|.............255 078 1|
|0|.............255 078 1|
|0|.............255 078 1|
|0|.............255 078 1|
|0|.............255 078 1|
|0|.............255 078 1|
|0|.............255 078 1|
|0|.............255 078 1|
|0|.............255 078 1|
|0|.............255 078 1|
|0|.............255 078 1|
|0|.............255 078 1|
|0|.............255 078 1|
|0|.............255 078 1|
|0|.............255 078 1|
|0|.............255 078 1|
|0|.............255 078 1|
|0|.............255 078 1|
|0|.............255 078 1|
|0|.............255 078 1|
|0|.............255 078 1|
|0|.............255 078 1|
|0|.............255 078 1|
|0|.............255 078 1|
|0|.............255 078 1|
|0|.............255 078 1|
|0|.............255 078 1|
|0|.............255 078 1|
|0|.............255 078 1|
|0|.............255 078 1|
|0|.............255 078 1|
|0|.............255 078 1|
|0|.............255 078 1|
|0|.............255 078 1|
|0|.............255 078 1|
|0|.............255 078 1|
|0|.............255 078 1|
|0|.............255 078 1|
|0|.............255 078 1|
|0|.............255 078 1|
|0|.............255 078 1|
|0|.............255 078 1|
|0|.............255 078 1|
|0|.............255 078 1|
|0|.............255 078 1|
|0|.............255 078 1|
|0|.............255 078 1|
|0|.............255 078 1|
|0|.............255 078 1|
|0|.............255 078 1|
|0|.............255 078 1|
|0|.............255 078 1|
|0|.............255 078 1|
|0|.............255 078 1|
|0|.............255 078 1|
|0|.............255 078 1|
|0|.............255 078 1|
|0|.............255 078 1|
|0|.............255 078 1|
|0|.............255 078 1|
|0|.............255 078 1|
|0|.............255 078 1|
|0|.............255 078 1|
|0|.............255 078 1|
|0|.............255 078 1|
|0|.............255 078 1|
|0|.............255 078 1|
|0|.............255 078 1|
|0|.............255 078 1|
|0|.............255 078 1|
|0|.............255 078 1|
|0|.............255 078 1|
|0|.............255 078 1|
|0|.............255 078 1|
|0|.............255 078 1|
|0|.............255 078 1|
|0|.............255 078 1|
|0|.............255 078 1|
|0|.............255 078 1|
|0|.............255 078 1|
|0|.............255 078 1|
|0|.............255 078 1|
|0|.............255 078 1|
|0|.............255 078 1|
|0|.............255 078 1|
|0|.............255 078 1|
|0|.............255 078 1|
|0|.............255 078 1|
|0|.............255 078 1|
|0|.............255 078 1|
|0|.............255 078 1|
|0|.............255 078 1|
|0|.............255 078 1|
|0|.............255 078 1|
|0|.............255 078 1|
|0|.............255 078 1|
|0|.............255 078 1|
|0|.............255 078 1|
|0|.............255 078 1|
|0|.............255 078 1|
|0|.............255 078 1|
|0|.............255 078 1|
|0|.............255 078 1|
|0|.............255 078 1|
|0|.............255 079 1|
|0|.............255 080 1|
|0|.............255 080 1|
|0|.............255 082 1|
|0|.............255 083 1|
|0|.............255 084 1|
|0|.............255 084 1|
|0|.............255 084 1|
|0|.............255 084 1|
|0|.............255 085 1|
|0|.............255 085 1|
|0|.............255 086 1|
|0|.............255 086 1|
|0|.............255 087 1|
|0|.............255 088 1|
|0|.............255 088 1|
|0|.............255 089 1|
|0|.............255 090 1|
|0|.............255 091 1|
|0|.............255 092 1|
|0|.............255 092 1|
|0|.............255 093 1|
|0|.............255 094 1|
|0|.............255 095 1|
|0|.............255 096 1|
|0|.............255 097 1|
|0|.............255 098 1|
|0|.............255 099 1|
|0|.............255 100 1|
|0|.............255 101 1|
|0|.............255 102 1|
|0|.............255 102 1|
|0|.............255 103 1|
|0|.............255 105 1|
|0|.............255 106 1|
|0|.............255 106 1|
|0|.............255 107 1|
|0|.............255 109 1|
|0|.............255 110 1|
|0|.............255 111 1|
|0|.............255 111 1|
|0|.............255 112 1|
|0|.............255 113 1|
|0|.............255 113 1|
|0|.............255 114 1|
|0|.............255 115 1|
|0|.............255 116 1|
|0|.............255 116 1|
|0|.............255 118 1|
|0|.............255 118 1|
|0|.............255 119 1|
|0|.............255 120 1|
|0|.............255 121 1|
|0|.............255 122 1|
|0|.............255 123 1|
|0|.............255 124 1|
|0|.............255 125 1|
|0|.............255 126 1|
|0|.............255 127 1|
|0|.............255 128 1|
|0|.............255 129 1|
|0|.............255 130 1|
|0|.............255 131 1|
|0|.............255 131 1|
|0|.............255 132 1|
|0|.............255 133 1|
|0|.............255 134 1|
|0|.............255 135 1|
|0|.............255 136 1|
|0|.............255 136 1|
|0|.............255 138 1|
|0|.............255 138 1|
|0|.............255 140 1|
|0|.............255 141 1|
|0|.............255 141 1|
|0|.............255 142 1|
|0|.............255 143 1|
|0|.............255 143 1|
|0|.............255 144 1|
|0|.............255 144 1|
|0|.............255 145 1|
|0|.............255 146 1|
|0|.............255 147 1|
|0|.............255 147 1|
|0|.............255 148 1|
|0|.............255 148 1|
|0|.............255 148 1|
|0|.............255 149 1|
|0|.............255 149 1|
|0|.............255 149 1|
|0|.............255 149 1|
|0|.............255 149 1|
|0|.............255 149 1|
|0|.............255 149 1|
|0|.............255 149 1|
|0|.............255 149 1|
|0|.............255 149 1|
|0|.............255 149 1|
|0|.............255 149 1|
|0|.............255 149 1|
|0|.............255 149 1|
|0|.............255 149 1|
|0|.............255 149 1|
|0|.............255 149 1|
|0|.............255 149 1|
|0|.............255 149 1|
|0|.............255 149 1|
|0|.............255 149 1|
|0|.............255 149 1|
|0|.............255 149 1|
|0|.............255 149 1|
|0|.............255 149 1|
|0|.............255 149 1|
|0|.............255 149 1|
|0|.............255 149 1|
|0|.............255 149 1|
|0|.............255 149 1|
|0|.............255 149 1|
|0|.............255 149 1|
|0|.............255 149 1|
|0|.............255 149 1|
|0|.............255 149 1|
|0|.............255 149 1|
|0|.............255 148 1|
|0|.............255 148 1|
|0|.............255 148 1|
|0|.............255 148 1|
|0|.............255 148 1|
|0|.............255 148 1|
|0|.............255 148 1|
|0|.............255 148 1|
|0|.............255 148 1|
|0|.............255 148 1|
|0|.............255 147 1|
|0|.............255 147 1|
|0|.............255 147 1|
|0|.............255 146 1|
|0|.............255 145 1|
|0|.............255 144 1|
|0|.............255 144 1|
|0|.............255 143 1|
|0|.............255 142 1|
|0|.............255 142 1|
|0|.............255 142 1|
|0|.............255 141 1|
|0|.............255 141 1|
|0|.............255 141 1|
|0|.............255 141 1|
|0|.............255 141 1|
|0|.............255 141 1|
|0|.............255 141 1|
|0|.............255 141 1|
|0|.............255 141 1|
|0|.............255 141 1|
|0|.............255 141 1|
|0|.............255 140 1|
|0|.............255 140 1|
|0|.............255 140 1|
|0|.............255 140 1|
|0|.............255 140 1|
|0|.............255 140 1|
|0|.............255 139 1|
|0|.............255 139 1|
|0|.............255 139 1|
|0|.............255 139 1|
|0|.............255 138 1|
|0|.............255 138 1|
|0|.............255 138 1|
|0|.............255 137 1|
|0|.............255 136 1|
|0|.............255 135 1|
|0|.............255 134 1|
|0|.............255 134 1|
|0|.............255 133 1|
|0|.............255 133 1|
|0|.............255 132 1|
|0|.............255 132 1|
|0|.............255 131 1|
|0|.............255 131 1|
|0|.............255 130 1|
|0|.............255 130 1|
|0|.............255 129 1|
|0|.............255 128 1|
|0|.............255 128 1|
|0|.............255 128 1|
|0|.............255 127 1|
|0|.............255 127 1|
|0|.............255 127 1|
|0|.............255 126 1|
|0|.............255 126 1|
|0|.............255 125 1|
|0|.............255 125 1|
|0|.............255 125 1|
|0|.............255 124 1|
|0|.............255 124 1|
|0|.............255 123 1|
|0|.............255 123 1|
|0|.............255 122 1|
|0|.............255 121 1|
|0|.............255 121 1|
|0|.............255 120 1|
|0|.............255 120 1|
|0|.............255 119 1|
|0|.............255 119 1|
|0|.............255 118 1|
|0|.............255 117 1|
|0|.............255 117 1|
|0|.............255 116 1|
|0|.............255 115 1|
|0|.............255 115 1|
|0|.............255 114 1|
|0|.............255 113 1|
|0|.............255 112 1|
|0|.............255 111 1|
|0|.............255 110 1|
|0|.............255 109 1|
|0|.............255 108 1|
|0|.............255 107 1|
|0|.............255 106 1|
|0|.............255 105 1|
|0|.............255 105 1|
|0|.............255 104 1|
|0|.............255 103 1|
|0|.............255 103 1|
|0|.............255 103 1|
|0|.............255 102 1|
|0|.............255 102 1|
|0|.............255 102 1|
|0|.............255 102 1|
|0|.............255 102 1|
|0|.............255 102 1|
|0|.............255 101 1|
|0|.............255 101 1|
|0|.............255 101 1|
|0|.............255 101 1|
|0|.............255 101 1|
|0|.............255 101 1|
|0|.............255 101 1|
|0|.............255 101 1|
|0|.............255 101 1|
|0|.............255 101 1|
|0|.............255 101 1|
|0|.............255 101 1|
|0|.............255 101 1|
|0|.............255 101 1|
|0|.............255 101 1|
|0|.............255 100 1|
|0|.............255 099 1|
|0|.............255 099 1|
|0|.............255 099 1|
|0|.............255 098 1|
|0|.............255 098 1|
|0|.............255 098 1|
|0|.............255 097 1|
|0|.............255 097 1|
|0|.............255 097 1|
|0|.............255 097 1|
|0|.............255 097 1|
|0|.............255 097 1|
|0|.............255 097 1|
|0|.............255 097 1|
|0|.............255 097 1|
|0|.............255 097 1|
|0|.............255 097 1|
|0|.............255 097 1|
|0|.............255 097 1|
|0|.............255 097 1|
|0|.............255 097 1|
|0|.............255 097 1|
|0|.............255 097 1|
|0|.............255 097 1|
|0|.............255 097 1|
|0|.............255 097 1|
|0|.............255 097 1|
|0|.............255 097 1|
|0|.............255 097 1|
|0|.............255 097 1|
|0|.............255 097 1|
|0|.............255 097 1|
|0|.............255 097 1|
|0|.............255 097 1|
|0|.............255 097 1|
|0|.............255 097 1|
|0|.............255 097 1|
|0|.............255 097 1|
|0|.............255 097 1|
|0|.............255 097 1|
|0|.............255 097 1|
|0|.............255 097 1|
|0|.............255 097 1|
|0|.............255 097 1|
|0|.............255 097 1|
|0|.............255 097 1|
|0|.............255 097 1|
|0|.............255 097 1|
|0|.............255 097 1|
|0|.............255 097 1|
|0|.............000 000 0|
|0|.............000 000 0|
|0|.............000 000 0|
|0|.............000 000 0|
|0|.............000 000 0|
|0|.............000 000 0|
|0|.............000 000 0|
|0|.............000 000 0|
|0|.............000 000 0|
|0|.............000 000 0|
|0|.............000 000 0|
|0|.............000 000 0|
|0|.............000 000 0|
|0|.............000 000 0|
|0|.............000 000 0|
|0|.............000 000 0|
|0|.............000 000 0|
|0|.............000 000 0|
|0|.............000 000 0|
|0|.............000 000 0|
|0|.............000 000 0|
|0|.............000 000 0|
|0|.............000 000 0|
|0|.............000 000 0|
|0|.............000 000 0|
|0|.............000 000 0|
|0|.............000 000 0|
|0|.............000 000 0|
|0|.............000 000 0|
|0|.............000 000 0|
|0|.............000 000 0|
|0|.............000 000 0|
|0|.............000 000 0|
|0|.............000 000 0|
|0|.............000 000 0|
|0|.............000 000 0|
|0|.............000 000 0|
|0|.............000 000 0|
|0|.............000 000 0|
|0|.............000 000 0|
|0|.............000 000 0|
|0|.............000 000 0|
|0|.............000 000 0|
|0|.............000 000 0|
|0|.............000 000 0|
|0|.............000 000 0|
|0|.............000 000 0|
|0|.............000 000 0|
|0|.............000 000 0|
|0|.............000 000 0|
|0|.............000 000 0|
|0|.............000 000 0|
|0|.............000 000 0|
|0|.............000 000 0|
|0|.............000 000 0|
|0|.............000 000 0|
|0|.............000 000 0|
|0|.............000 000 0|
|0|.............000 000 0|
|0|.............000 000 0|
|0|.............000 000 0|
|0|.............000 000 0|
|0|.............000 000 0|
|0|.............000 000 0|
|0|.............000 000 0|
|0|.............000 000 0|
|0|.............000 000 0|
|0|.............000 000 0|
|0|.............000 000 0|
|0|.............000 000 0|
|0|.............000 000 0|
|0|.............000 000 0|
|0|.............000 000 0|
|0|.............000 000 0|
|0|.............000 000 0|
|0|.............000 000 0|
|0|.............000 000 0|
|0|.............000 000 0|
|0|.............000 000 0|
|0|.............000 000 0|
|0|.............000 000 0|
|0|.............000 000 0|
|0|.............000 000 0|
|0|.............000 000 0|
|0|.............000 000 0|
|0|.............000 000 0|
|0|.............000 000 0|
|0|.............000 000 0|
|0|.............000 000 0|
|0|.............000 000 0|
|0|.............000 000 0|
|0|.............000 000 0|
|0|.............000 000 0|
|0|.............000 000 0|
|0|.............000 000 0|
|0|.............000 000 0|
|0|.............000 000 0|
|0|.............000 000 0|
|0|.............000 000 0|
|0|.............000 000 0|
|0|.............000 000 0|
|0|.............000 000 0|
|0|.............000 000 0|
|0|.............000 000 0|
|0|.............000 000 0|
|0|.............000 000 0|
|0|.............000 000 0|
|0|.............000 000 0|
|0|.............000 000 0|
|0|.............000 000 0|
|0|.............000 000 0|
|0|.............000 000 0|
|0|.............000 000 0|
|0|.............000 000 0|
|0|.............000 000 0|
|0|.............000 000 0|
|0|.............000 000 0|
|0|.............000 000 0|
|0|.............000 000 0|
|0|.............000 000 0|
|0|.............000 000 0|
|0|.............000 000 0|
|0|.............000 000 0|
|0|.............000 000 0|
|0|.............000 000 0|
|0|.............000 000 0|
|0|.............000 000 0|
|0|.............000 000 0|
|0|.............000 000 0|
|0|.............014 166 1| * Pilot the plane back to the left until it hits the water *
|0|.............014 166 1|
|0|.............014 166 1|
|0|.............014 166 1|
|0|.............014 166 1|
|0|.............014 166 1|
|0|.............014 166 1|
|0|.............014 166 1|
|0|.............014 166 1|
|0|.............014 166 1|
|0|.............014 166 1|
|0|.............014 166 1|
|0|.............014 166 1|
|0|.............014 166 1|
|0|.............014 166 1|
|0|.............014 166 1|
|0|.............014 166 1|
|0|.............014 166 1|
|0|.............014 166 1|
|0|.............014 166 1|
|0|.............014 166 1|
|0|.............014 166 1|
|0|.............014 166 1|
|0|.............014 166 1|
|0|.............014 166 1|
|0|.............014 166 1|
|0|.............014 166 1|
|0|.............014 166 1|
|0|.............014 166 1|
|0|.............014 166 1|
|0|.............014 166 1|
|0|.............014 166 1|
|0|.............014 166 1|
|0|.............014 166 1|
|0|.............014 166 1|
|0|.............014 166 1|
|0|.............014 166 1|
|0|.............014 166 1|
|0|.............014 166 1|
|0|.............014 166 1|
|0|.............014 166 1|
|0|.............014 166 1|
|0|.............014 166 1|
|0|.............014 166 1|
|0|.............014 166 1|
|0|.............014 166 1|
|0|.............014 166 1|
|0|.............014 166 1|
|0|.............014 166 1|
|0|.............014 166 1|
|0|.............014 166 1|
|0|.............014 166 1|
|0|.............014 166 1|
|0|.............014 166 1|
|0|.............014 166 1|
|0|.............014 166 1|
|0|.............014 166 1|
|0|.............014 166 1|
|0|.............014 166 1|
|0|.............014 166 1|
|0|.............014 166 1|
|0|.............014 166 1|
|0|.............014 166 1|
|0|.............014 166 1|
|0|.............014 166 1|
|0|.............014 166 1|
|0|.............014 166 1|
|0|.............014 166 1|
|0|.............014 166 1|
|0|.............014 166 1|
|0|.............014 166 1|
|0|.............014 166 1|
|0|.............014 166 1|
|0|.............014 166 1|
|0|.............014 166 1|
|0|.............014 166 1|
|0|.............014 166 1|
|0|.............014 166 1|
|0|.............014 166 1|
|0|.............014 166 1|
|0|.............014 166 1|
|0|.............014 166 1|
|0|.............014 166 1|
|0|.............014 166 1|
|0|.............014 166 1|
|0|.............014 166 1|
|0|.............014 166 1|
|0|.............014 166 1|
|0|.............014 166 1|
|0|.............014 166 1|
|0|.............014 166 1|
|0|.............014 166 1|
|0|.............014 166 1|
|0|.............014 166 1|
|0|.............014 166 1|
|0|.............014 166 1|
|0|.............014 166 1|
|0|.............014 166 1|
|0|.............014 166 1|
|0|.............014 166 1|
|0|.............014 166 1|
|0|.............014 166 1|
|0|.............014 166 1|
|0|.............014 166 1|
|0|.............014 166 1|
|0|.............014 166 1|
|0|.............014 166 1|
|0|.............014 166 1|
|0|.............014 166 1|
|0|.............014 166 1|
|0|.............014 166 1|
|0|.............014 166 1|
|0|.............014 166 1|
|0|.............014 166 1|
|0|.............014 166 1|
|0|.............014 166 1|
|0|.............014 166 1|
|0|.............014 166 1|
|0|.............014 166 1|
|0|.............014 166 1|
|0|.............014 166 1|
|0|.............014 166 1|
|0|.............014 166 1|
|0|.............014 166 1|
|0|.............014 166 1|
|0|.............014 166 1|
|0|.............014 166 1|
|0|.............014 166 1|
|0|.............014 166 1|
|0|.............014 166 1|
|0|.............014 166 1|
|0|.............014 166 1|
|0|.............014 166 1|
|0|.............000 000 0|
|0|.............000 000 0|
|0|.............000 000 0|
|0|.............000 000 0|
|0|.............000 000 0|
|0|.............000 000 0|
|0|.............000 000 0|
|0|.............000 000 0|
|0|.............000 000 0|
|0|.............000 000 0|
|0|.............000 000 0|
|0|.............000 000 0|
|0|.............000 000 0|
|0|.............000 000 0|
|0|.............000 000 0|
|0|.............000 000 0|
|0|.............000 000 0|
|0|.............000 000 0|
|0|.............000 000 0|
|0|.............000 000 0|
|0|.............000 000 0|
|0|.............000 000 0|
|0|.............000 000 0|
|0|.............000 000 0|
|0|.............000 000 0|
|0|.............000 000 0|
|0|.............000 000 0|
|0|.............000 000 0|
|0|.............000 000 0|
|0|.............000 000 0|
|0|.............000 000 0|
|0|.............000 000 0|
|0|.............000 000 0|
|0|.............000 000 0|
|0|.............000 000 0|
|0|.............000 000 0|
|0|.............000 000 0|
|0|.............000 000 0|
|0|.............000 000 0|
|0|.............000 000 0|
|0|.............000 000 0|
|0|.............000 000 0|
|0|.............000 000 0|
|0|.............000 000 0|
|0|.............000 000 0|
|0|.............000 000 0|
|0|.............000 000 0|
|0|.............000 000 0|
|0|.............000 000 0|
|0|.............000 000 0|
|0|.............000 000 0|
|0|.............000 000 0|
|0|.............000 000 0|
|0|.............000 000 0|
|0|.............000 000 0|
|0|.............000 000 0|
|0|.............000 000 0|
|0|.............000 000 0|
|0|.............000 000 0|
|0|.............000 000 0|
|0|.............000 000 0|
|0|.............000 000 0|
|0|.............000 000 0|
|0|.............000 000 0|
|0|.............000 000 0|
|0|.............000 000 0|
|0|.............000 000 0|
|0|.............000 000 0|
|0|.............000 000 0|
|0|.............000 000 0|
|0|.............000 000 0|
|0|.............000 000 0|
|0|.............000 000 0|
|0|.............000 000 0|
|0|.............000 000 0|
|0|.............000 000 0|
|0|.............000 000 0|
|0|.............000 000 0|
|0|.............000 000 0|
|0|.............000 000 0|
|0|.............000 000 0|
|0|.............000 000 0|
|0|.............000 000 0|
|0|.............000 000 0|
|0|.............000 000 0|
|0|.............000 000 0|
|0|.............000 000 0|
|0|.............000 000 0|
|0|.............000 000 0|
|0|.............000 000 0|
|0|.............000 000 0|
|0|.............000 000 0|
|0|.............000 000 0|
|0|.............000 000 0|
|0|.............000 000 0|
|0|.............000 000 0|
|0|.............000 000 0|
|0|.............000 000 0|
|0|.............000 000 0|
|0|.............000 000 0|
|0|.............000 000 0|
|0|.............000 000 0|
|0|.............000 000 0|
|0|.............000 000 0|
|0|.............000 000 0|
|0|.............000 000 0|
|0|.............000 000 0|
|0|.............000 000 0|
|0|.............000 000 0|
|0|.............000 000 0|
|0|.............000 000 0|
|0|.............000 000 0|
|0|.............000 000 0|
|0|.............000 000 0|
|0|.............000 000 0|
|0|.............000 000 0|
|0|.............000 000 0|
|0|.............000 000 0|
|0|.............000 000 0|
|0|.............000 000 0|
|0|.............000 000 0|
|0|.............000 000 0|
|0|.............000 000 0|
|0|.............000 000 0|
|0|.............000 000 0|
|0|.............000 000 0|
|0|.............000 000 0|
|0|.............000 000 0|
|0|.............000 000 0|
|0|.............000 000 0|
|0|.............000 000 0|
|0|.............000 000 0|
|0|.............000 000 0|
|0|.............000 000 0|
|0|.............000 000 0|
|0|.............000 000 0|
|0|.............000 000 0|
|0|.............000 000 0|
|0|.............000 000 0|
|0|.............000 000 0|
|0|.............000 000 0|
|0|.............000 000 0|
|0|.............000 000 0|
|0|.............000 000 0|
|0|.............000 000 0|
|0|.............000 000 0|
|0|.............000 000 0|
|0|.............000 000 0|
|0|.............000 000 0|
|0|.............000 000 0|
|0|.............000 000 0|
|0|.............000 000 0|
|0|.............000 000 0|
|0|.............000 000 0|
|0|.............000 000 0|
|0|.............000 000 0|
|0|.............000 000 0|
|0|.............000 000 0|
|0|.............000 000 0|
|0|.............000 000 0|
|0|.............000 000 0|
|0|.............000 000 0|
|0|.............000 000 0|
|0|.............000 000 0|
|0|.............000 000 0|
|0|.............000 000 0|
|0|.............000 000 0|
|0|.............000 000 0|
|0|.............000 000 0|
|0|.............000 000 0|
|0|.............000 000 0|
|0|.............000 000 0|
|0|.............000 000 0|
|0|.............000 000 0|
|0|.............000 000 0|
|0|.............000 000 0|
|0|.............000 000 0|
|0|.............000 000 0|
|0|.............000 000 0|
|0|.............000 000 0|
|0|.............000 000 0|
|0|.............000 000 0|
|0|.............000 000 0|
|0|.............000 000 0|
|0|.............000 000 0|
|0|.............000 000 0|
|0|.............000 000 0|
|0|.............000 000 0|
|0|.............000 000 0|
|0|.............000 000 0|
|0|.............000 000 0|
|0|.............000 000 0|
|0|.............000 000 0|
|0|.............000 000 0|
|0|.............000 000 0|
|0|.............000 000 0|
|0|.............000 000 0|
|0|.............000 000 0|
|0|.............000 000 0|
|0|.............000 000 0|
|0|.............000 000 0|
|0|.............000 000 0|
|0|.............000 000 0|
|0|.............000 000 0|
|0|.............000 000 0|
|0|.............000 000 0|
|0|.............000 000 0|
|0|.............000 000 0|
|0|.............000 000 0|
|0|.............000 000 0|
|0|.............000 000 0|
|0|.............000 000 0|
|0|.............000 000 0|
|0|.............000 000 0|
|0|.............000 000 0|
|0|.............000 000 0|
|0|.............000 000 0|
|0|.............000 000 0|
|0|.............000 000 0|
|0|.............000 000 0|
|0|.............000 000 0|
|0|.............000 000 0|
|0|.............000 000 0|
|0|.............000 000 0|
|0|.............000 000 0|
|0|.............000 000 0|
|0|.............000 000 0|
|0|.............000 000 0|
|0|.............000 000 0|
|0|.............000 000 0|
|0|.............000 000 0|
|0|.............255 070 1| * Run to the starite (now that everyone's gone...) *
|0|.............255 070 1|
|0|.............255 070 1|
|0|.............255 070 1|
|0|.............255 070 1|
|0|.............255 070 1|
|0|.............255 070 1|
|0|.............255 070 1|
|0|.............255 070 1|
|0|.............255 070 1|
|0|.............255 070 1|
|0|.............255 070 1|
|0|.............255 070 1|
|0|.............255 070 1|
|0|.............255 070 1|
|0|.............255 070 1|
|0|.............255 070 1|
|0|.............255 070 1|
|0|.............255 070 1|
|0|.............255 070 1|
|0|.............255 070 1|
|0|.............255 070 1|
|0|.............255 070 1|
|0|.............255 070 1|
|0|.............255 070 1|
|0|.............255 070 1|
|0|.............255 070 1|
|0|.............255 070 1|
|0|.............255 070 1|
|0|.............255 070 1|
|0|.............255 070 1|
|0|.............255 070 1|
|0|.............255 070 1|
|0|.............255 070 1|
|0|.............255 070 1|
|0|.............255 070 1|
|0|.............255 070 1|
|0|.............255 070 1|
|0|.............255 070 1|
|0|.............255 070 1|
|0|.............255 070 1|
|0|.............255 070 1|
|0|.............255 070 1|
|0|.............255 070 1|
|0|.............255 070 1|
|0|.............255 070 1|
|0|.............255 070 1|
|0|.............255 070 1|
|0|.............255 070 1|
|0|.............255 070 1|
|0|.............255 070 1|
|0|.............255 070 1|
|0|.............255 070 1|
|0|.............255 070 1|
|0|.............255 070 1|
|0|.............255 070 1|
|0|.............255 070 1|
|0|.............255 070 1|
|0|.............255 070 1|
|0|.............255 070 1|
|0|.............255 070 1|
|0|.............255 070 1|
|0|.............255 070 1|
|0|.............255 070 1|
|0|.............255 070 1|
|0|.............255 070 1|
|0|.............255 070 1|
|0|.............255 070 1|
|0|.............255 070 1|
|0|.............255 070 1|
|0|.............255 070 1|
|0|.............255 070 1|
|0|.............255 070 1|
|0|.............255 070 1|
|0|.............255 070 1|
|0|.............255 070 1|
|0|.............255 070 1|
|0|.............255 070 1|
|0|.............255 070 1|
|0|.............255 070 1|
|0|.............255 070 1|
|0|.............255 070 1|
|0|.............255 070 1|
|0|.............255 070 1|
|0|.............255 070 1|
|0|.............255 070 1|
|0|.............255 070 1|
|0|.............255 070 1|
|0|.............255 070 1|
|0|.............255 070 1|
|0|.............255 070 1|
|0|.............255 070 1|
|0|.............255 070 1|
|0|.............255 070 1|
|0|.............255 070 1|
|0|.............255 070 1|
|0|.............255 070 1|
|0|.............255 070 1|
|0|.............255 070 1|
|0|.............255 070 1|
|0|.............255 070 1|
|0|.............255 070 1|
|0|.............255 070 1|
|0|.............255 070 1|
|0|.............255 070 1|
|0|.............255 070 1|
|0|.............255 070 1|
|0|.............255 070 1|
|0|.............255 070 1|
|0|.............255 070 1|
|0|.............255 070 1|
|0|.............255 070 1|
|0|.............255 070 1|
|0|.............255 070 1|
|0|.............255 070 1|
|0|.............255 070 1|
|0|.............255 070 1|
|0|.............255 070 1|
|0|.............255 070 1|
|0|.............255 070 1|
|0|.............255 070 1|
|0|.............255 070 1|
|0|.............255 070 1|
|0|.............255 070 1|
|0|.............255 070 1|
|0|.............255 070 1|
|0|.............255 070 1|
|0|.............255 070 1|
|0|.............255 070 1|
|0|.............255 070 1|
|0|.............255 070 1|
|0|.............255 070 1|
|0|.............255 070 1|
|0|.............255 070 1|
|0|.............255 070 1|
|0|.............255 070 1|
|0|.............255 070 1|
|0|.............255 070 1|
|0|.............255 070 1|
|0|.............255 070 1|
|0|.............255 070 1|
|0|.............255 070 1|
|0|.............255 070 1|
|0|.............255 070 1|
|0|.............255 070 1|
|0|.............255 070 1|
|0|.............255 070 1|
|0|.............255 070 1|
|0|.............255 070 1|
|0|.............255 070 1|
|0|.............255 070 1|
|0|.............255 070 1|
|0|.............255 070 1|
|0|.............255 070 1|
|0|.............255 070 1|
|0|.............255 070 1|
|0|.............255 070 1|
|0|.............255 070 1|
|0|.............255 070 1|
|0|.............255 070 1|
|0|.............255 070 1|
|0|.............255 070 1|
|0|.............255 070 1|
|0|.............255 070 1|
|0|.............255 070 1|
|0|.............255 070 1|
|0|.............255 070 1|
|0|.............255 070 1|
|0|.............255 070 1|
|0|.............255 070 1|
|0|.............255 070 1|
|0|.............255 070 1|
|0|.............255 070 1|
|0|.............255 070 1|
|0|.............255 070 1|
|0|.............255 070 1|
|0|.............255 070 1|
|0|.............255 070 1|
|0|.............255 070 1|
|0|.............255 070 1|
|0|.............255 070 1|
|0|.............255 070 1|
|0|.............255 070 1|
|0|.............255 070 1|
|0|.............255 070 1|
|0|.............255 070 1|
|0|.............255 070 1|
|0|.............255 070 1|
|0|.............255 070 1|
|0|.............255 070 1|
|0|.............255 070 1|
|0|.............255 070 1|
|0|.............255 070 1|
|0|.............255 070 1|
|0|.............255 070 1|
|0|.............255 070 1|
|0|.............255 070 1|
|0|.............255 070 1|
|0|.............255 070 1|
|0|.............255 070 1|
|0|.............255 070 1|
|0|.............255 070 1|
|0|.............255 070 1|
|0|.............255 070 1|
|0|.............255 070 1|
|0|.............255 070 1|
|0|.............255 070 1|
|0|.............255 070 1|
|0|.............255 070 1|
|0|.............255 070 1|
|0|.............255 070 1|
|0|.............255 070 1|
|0|.............255 070 1|
|0|.............255 070 1|
|0|.............255 070 1|
|0|.............255 070 1|
|0|.............255 070 1|
|0|.............255 070 1|
|0|.............255 070 1|
|0|.............255 070 1|
|0|.............255 070 1|
|0|.............255 070 1|
|0|.............255 070 1|
|0|.............255 070 1|
|0|.............255 070 1|
|0|.............255 070 1|
|0|.............255 070 1|
|0|.............255 070 1|
|0|.............255 070 1|
|0|.............255 070 1|
|0|.............255 070 1|
|0|.............255 070 1|
|0|.............255 070 1|
|0|.............255 070 1|
|0|.............255 070 1|
|0|.............255 070 1|
|0|.............255 070 1|
|0|.............255 070 1|
|0|.............255 070 1|
|0|.............255 070 1|
|0|.............255 070 1|
|0|.............255 070 1|
|0|.............255 070 1|
|0|.............255 070 1|
|0|.............255 070 1|
|0|.............255 070 1|
|0|.............255 070 1|
|0|.............255 070 1|
|0|.............255 070 1|
|0|.............255 070 1|
|0|.............255 070 1|
|0|.............255 070 1|
|0|.............255 070 1|
|0|.............255 070 1|
|0|.............255 070 1|
|0|.............255 070 1|
|0|.............255 070 1|
|0|.............255 070 1|
|0|.............255 070 1|
|0|.............255 070 1|
|0|.............255 070 1|
|0|.............255 070 1|
|0|.............255 070 1|
|0|.............255 070 1|
|0|.............255 070 1|
|0|.............255 070 1|
|0|.............255 070 1|
|0|.............255 070 1|
|0|.............255 070 1|
|0|.............255 070 1|
|0|.............255 070 1|
|0|.............255 070 1|
|0|.............255 070 1|
|0|.............255 070 1|
|0|.............255 070 1|
|0|.............255 070 1|
|0|.............255 070 1|
|0|.............255 070 1|
|0|.............255 070 1|
|0|.............255 070 1|
|0|.............255 070 1|
|0|.............255 070 1|
|0|.............255 070 1|
|0|.............255 070 1|
|0|.............255 070 1|
|0|.............255 070 1|
|0|.............255 070 1|
|0|.............255 070 1|
|0|.............255 070 1|
|0|.............255 070 1|
|0|.............255 070 1|
|0|.............255 070 1|
|0|.............255 070 1|
|0|.............255 070 1|
|0|.............255 070 1|
|0|.............255 070 1|
|0|.............255 070 1|
|0|.............255 070 1|
|0|.............255 070 1|
|0|.............255 070 1|
|0|.............255 070 1|
|0|.............255 070 1|
|0|.............255 070 1|
|0|.............255 070 1|
|0|.............255 070 1|
|0|.............255 070 1|
|0|.............255 070 1|
|0|.............255 070 1|
|0|.............255 070 1|
|0|.............255 070 1|
|0|.............255 070 1|
|0|.............255 070 1|
|0|.............255 070 1|
|0|.............255 070 1|
|0|.............255 070 1|
|0|.............255 070 1|
|0|.............255 070 1|
|0|.............255 070 1|
|0|.............255 070 1|
|0|.............255 070 1|
|0|.............255 070 1|
|0|.............255 070 1|
|0|.............255 070 1|
|0|.............255 070 1|
|0|.............255 070 1|
|0|.............255 070 1|
|0|.............255 070 1|
|0|.............255 070 1|
|0|.............255 070 1|
|0|.............255 070 1|
|0|.............255 070 1|
|0|.............255 070 1|
|0|.............255 070 1|
|0|.............255 070 1|
|0|.............255 070 1|
|0|.............255 070 1|
|0|.............255 070 1|
|0|.............255 070 1|
|0|.............255 070 1|
|0|.............255 070 1|
|0|.............255 070 1|
|0|.............255 070 1|
|0|.............255 070 1|
|0|.............255 070 1|
|0|.............255 070 1|
|0|.............255 070 1|
|0|.............255 070 1|
|0|.............255 070 1|
|0|.............255 070 1|
|0|.............255 070 1|
|0|.............255 070 1|
|0|.............255 070 1|
|0|.............255 070 1|
|0|.............255 070 1|
|0|.............255 070 1|
|0|.............255 070 1|
|0|.............255 070 1|
|0|.............255 070 1|
|0|.............255 070 1|
|0|.............255 070 1|
|0|.............255 070 1|
|0|.............255 070 1|
|0|.............255 070 1|
|0|.............255 070 1|
|0|.............255 070 1|
|0|.............255 070 1|
|0|.............255 070 1|
|0|.............255 070 1|
|0|.............255 070 1|
|0|.............255 070 1|
|0|.............255 070 1|
|0|.............255 070 1|
|0|.............255 070 1|
|0|.............255 070 1|
|0|.............255 070 1|
|0|.............255 070 1|
|0|.............255 070 1|
|0|.............255 070 1|
|0|.............255 070 1|
|0|.............255 070 1|
|0|.............255 070 1|
|0|.............255 070 1|
|0|.............255 070 1|
|0|.............255 070 1|
|0|.............255 070 1|
|0|.............255 070 1|
|0|.............255 070 1|
|0|.............255 070 1|
|0|.............255 070 1|
|0|.............255 070 1|
|0|.............255 070 1|
|0|.............255 070 1|
|0|.............255 070 1|
|0|.............255 070 1|
|0|.............255 070 1|
|0|.............255 070 1|
|0|.............255 070 1|
|0|.............255 070 1|
|0|.............255 070 1|
|0|.............255 070 1|
|0|.............255 070 1|
|0|.............255 070 1|
|0|.............255 070 1|
|0|.............255 070 1|
|0|.............255 070 1|
|0|.............255 070 1|
|0|.............255 070 1|
|0|.............255 070 1|
|0|.............255 070 1|
|0|.............255 070 1|
|0|.............255 070 1|
|0|.............255 070 1|
|0|.............255 070 1|
|0|.............255 070 1|
|0|.............255 070 1|
|0|.............255 070 1|
|0|.............255 070 1|
|0|.............255 070 1|
|0|.............255 070 1|
|0|.............255 070 1|
|0|.............255 070 1|
|0|.............255 070 1|
|0|.............255 070 1|
|0|.............255 070 1|
|0|.............255 070 1|
|0|.............255 070 1|
|0|.............255 070 1|
|0|.............255 070 1|
|0|.............255 070 1|
|0|.............255 070 1|
|0|.............255 070 1|
|0|.............255 070 1|
|0|.............255 070 1|
|0|.............255 070 1|
|0|.............255 070 1|
|0|.............255 070 1|
|0|.............255 070 1|
|0|.............255 070 1|
|0|.............255 070 1| * Collect 5-9 starite *
