|0|.............172 098 1|
|0|.............000 000 0|
|0|.............000 000 0|
|0|.............048 097 1|
|0|.............000 000 0|
|0|.............000 000 0|
|0|.............110 131 1|
|0|.............000 000 0|
|0|.............000 000 0|
|0|.............194 097 1|
|0|.............000 000 0|
|0|.............000 000 0|
|0|.............154 098 1|
|0|.............000 000 0|
|0|.............000 000 0|
|0|.............048 098 1|
|0|.............000 000 0|
|0|.............000 000 0|
|0|.............194 131 1|
|0|.............000 000 0|
|0|.............000 000 0|
|0|.............194 131 1|
|0|.............000 000 0|
|0|.............000 000 0|
|0|.............076 063 1|
|0|.............000 000 0|
|0|.............000 000 0|
|0|.............098 063 1|
|0|.............000 000 0|
|0|.............000 000 0|
|0|.............242 177 1|
|0|.............000 000 0| * JACKHAMMER has been typed *
|0|.............000 000 0|
|0|.............000 000 0|
|0|.............000 000 0|
|0|.............000 000 0|
|0|.............000 000 0|
|0|.............000 000 0|
|0|.............000 000 0|
|0|.............000 000 0|
|0|.............000 000 0|
|0|.............000 000 0|
|0|.............000 000 0|
|0|.............000 000 0|
|0|.............000 000 0|
|0|.............000 000 0|
|0|.............000 000 0|
|0|.............000 000 0|
|0|.............000 000 0|
|0|.............000 000 0|
|0|.............000 000 0|
|0|.............000 000 0|
|0|.............000 000 0|
|0|.............000 000 0|
|0|.............000 000 0|
|0|.............000 000 0|
|0|.............000 000 0|
|0|.............000 000 0|
|0|.............000 000 0|
|0|.............000 000 0|
|0|.............000 000 0|
|0|.............000 000 0|
|0|.............000 000 0|
|0|.............000 000 0|
|0|.............000 000 0|
|0|.............000 000 0|
|0|.............000 000 0|
|0|.............000 000 0|
|0|.............000 000 0|
|0|.............000 000 0|
|0|.............000 000 0|
|0|.............000 000 0|
|0|.............000 000 0|
|0|.............118 079 1|
|0|.............118 079 1|
|0|.............034 086 1|
|0|.............034 086 1|
|0|.............034 086 1|
|0|.............034 086 1|
|0|.............034 086 1|
|0|.............034 086 1|
|0|.............034 086 1|
|0|.............034 086 1|
|0|.............000 000 0|
|0|.............000 000 0|
|0|.............000 000 0|
|0|.............000 000 0|
|0|.............000 000 0|
|0|.............000 000 0|
|0|.............000 000 0|
|0|.............000 000 0|
|0|.............000 000 0|
|0|.............000 000 0|
|0|.............000 000 0|
|0|.............000 000 0|
|0|.............000 000 0|
|0|.............000 000 0|
|0|.............000 000 0|
|0|.............000 000 0|
|0|.............000 000 0|
|0|.............000 000 0|
|0|.............000 000 0|
|0|.............000 000 0|
|0|.............000 000 0|
|0|.............000 000 0|
|0|.............000 000 0|
|0|.............000 000 0|
|0|.............000 000 0|
|0|.............000 000 0|
|0|.............000 000 0|
|0|.............000 000 0|
|0|.............000 000 0|
|0|.............000 000 0|
|0|.............036 159 1|
|0|.............036 159 1|
|0|.............000 000 0|
|0|.............000 000 0|
|0|.............036 159 1|
|0|.............036 159 1|
|0|.............000 000 0|
|0|.............000 000 0|
|0|.............064 139 1|
|0|.............064 139 1|
|0|.............000 000 0|
|0|.............000 000 0|
|0|.............255 101 1|
|0|.............255 101 1|
|0|.............255 101 1|
|0|.............255 101 1|
|0|.............255 101 1|
|0|.............255 101 1|
|0|.............255 101 1|
|0|.............255 101 1|
|0|.............255 101 1|
|0|.............255 101 1|
|0|.............255 101 1|
|0|.............255 101 1|
|0|.............255 101 1|
|0|.............255 101 1|
|0|.............255 101 1|
|0|.............255 101 1|
|0|.............255 101 1|
|0|.............255 101 1|
|0|.............255 101 1|
|0|.............255 101 1|
|0|.............255 101 1|
|0|.............255 101 1|
|0|.............255 101 1|
|0|.............255 101 1|
|0|.............255 101 1|
|0|.............255 101 1|
|0|.............255 101 1|
|0|.............000 000 0|
|0|.............000 000 0|
|0|.............000 000 0|
|0|.............000 000 0|
|0|.............000 000 0|
|0|.............000 000 0|
|0|.............000 000 0|
|0|.............000 000 0|
|0|.............000 000 0|
|0|.............000 000 0|
|0|.............000 000 0|
|0|.............000 000 0|
|0|.............000 000 0|
|0|.............000 000 0|
|0|.............000 000 0|
|0|.............000 000 0|
|0|.............000 000 0|
|0|.............000 000 0|
|0|.............000 000 0|
|0|.............000 000 0|
|0|.............000 000 0|
|0|.............000 000 0|
|0|.............000 000 0|
|0|.............000 000 0|
|0|.............000 000 0|
|0|.............000 000 0|
|0|.............000 000 0|
|0|.............000 000 0|
|0|.............000 000 0|
|0|.............000 000 0|
|0|.............000 000 0|
|0|.............000 000 0|
|0|.............000 000 0|
|0|.............000 000 0|
|0|.............000 000 0|
|0|.............000 000 0|
|0|.............000 000 0|
|0|.............000 000 0|
|0|.............000 000 0|
|0|.............000 000 0|
|0|.............000 000 0|
|0|.............000 000 0|
|0|.............000 000 0|
|0|.............000 000 0|
|0|.............000 000 0|
|0|.............000 000 0|
|0|.............000 000 0|
|0|.............000 000 0|
|0|.............000 000 0|
|0|.............000 000 0|
|0|.............000 000 0|
|0|.............000 000 0|
|0|.............000 000 0|
|0|.............000 000 0|
|0|.............000 000 0|
|0|.............000 000 0|
|0|.............000 000 0|
|0|.............000 000 0|
|0|.............000 000 0|
|0|.............000 000 0|
|0|.............000 000 0|
|0|.............000 000 0|
|0|.............000 000 0|
|0|.............000 000 0|
|0|.............000 000 0|
|0|.............000 000 0|
|0|.............000 000 0|
|0|.............058 136 1|
|0|.............058 136 1|
|0|.............000 000 0|
|0|.............000 000 0|
|0|.............000 000 0|
|0|.............000 000 0|
|0|.............000 000 0|
|0|.............000 000 0|
|0|.............128 032 1|
|0|.............128 032 1|
|0|.............000 000 0|
|0|.............255 103 1|
|0|.............255 103 1|
|0|.............255 103 1|
|0|.............255 103 1|
|0|.............255 103 1|
|0|.............255 103 1|
|0|.............255 103 1|
|0|.............255 103 1|
|0|.............255 103 1|
|0|.............255 103 1|
|0|.............255 103 1|
|0|.............255 103 1|
|0|.............255 103 1|
|0|.............255 103 1|
|0|.............255 103 1|
|0|.............255 103 1|
|0|.............255 103 1|
|0|.............255 103 1|
|0|.............255 103 1|
|0|.............255 103 1|
|0|.............255 103 1|
|0|.............255 103 1|
|0|.............255 103 1|
|0|.............255 103 1|
|0|.............255 103 1|
|0|.............255 103 1|
|0|.............255 103 1|
|0|.............255 103 1|
|0|.............255 103 1|
|0|.............255 103 1|
|0|.............255 103 1|
|0|.............255 103 1|
|0|.............255 103 1|
|0|.............255 103 1|
|0|.............255 103 1|
|0|.............255 103 1|
|0|.............255 103 1|
|0|.............255 103 1|
|0|.............255 103 1|
|0|.............255 103 1|
|0|.............255 103 1|
|0|.............255 103 1|
|0|.............255 103 1|
|0|.............255 103 1|
|0|.............255 103 1|
|0|.............255 103 1|
|0|.............255 103 1|
|0|.............255 103 1|
|0|.............255 103 1|
|0|.............255 103 1|
|0|.............255 103 1|
|0|.............255 103 1|
|0|.............255 103 1|
|0|.............255 103 1|
|0|.............255 103 1|
|0|.............255 103 1|
|0|.............255 103 1|
|0|.............255 103 1|
|0|.............255 103 1|
|0|.............255 103 1|
|0|.............255 103 1|
|0|.............255 103 1|
|0|.............255 103 1|
|0|.............255 103 1|
|0|.............255 103 1|
|0|.............255 103 1|
|0|.............255 103 1|
|0|.............255 103 1|
|0|.............255 103 1|
|0|.............255 103 1|
|0|.............255 103 1|
|0|.............255 103 1|
|0|.............255 103 1|
|0|.............255 103 1|
|0|.............255 103 1|
|0|.............255 103 1|
|0|.............255 103 1|
|0|.............255 103 1|
|0|.............255 103 1|
|0|.............255 103 1|
|0|.............255 103 1|
|0|.............255 103 1|
|0|.............255 103 1|
|0|.............255 103 1|
|0|.............255 103 1|
|0|.............255 103 1|
|0|.............255 103 1|
|0|.............255 103 1|
|0|.............255 103 1|
|0|.............255 103 1|
|0|.............000 000 0|
|0|.............000 000 0|
|0|.............000 000 0|
|0|.............000 000 0|
|0|.............000 000 0|
|0|.............000 000 0|
|0|.............000 000 0|
|0|.............000 000 0|
|0|.............000 000 0|
|0|.............000 000 0|
|0|.............000 000 0|
|0|.............000 000 0|
|0|.............238 019 1|
|0|.............238 019 1| * open notebook *
|0|.............000 000 0|
|0|.............000 000 0|
|0|.............000 000 0|
|0|.............000 000 0|
|0|.............000 000 0|
|0|.............000 000 0|
|0|.............000 000 0|
|0|.............000 000 0|
|0|.............000 000 0|
|0|.............000 000 0|
|0|.............000 000 0|
|0|.............000 000 0|
|0|.............000 000 0|
|0|.............000 000 0|
|0|.............000 000 0|
|0|.............000 000 0|
|0|.............000 000 0|
|0|.............000 000 0|
|0|.............000 000 0|
|0|.............000 000 0|
|0|.............000 000 0|
|0|.............000 000 0|
|0|.............000 000 0|
|0|.............000 000 0|
|0|.............000 000 0|
|0|.............000 000 0|
|0|.............000 000 0|
|0|.............000 000 0|
|0|.............000 000 0|
|0|.............000 000 0|
|0|.............000 000 0|
|0|.............000 000 0|
|0|.............000 000 0|
|0|.............000 000 0|
|0|.............000 000 0|
|0|.............000 000 0|
