|0|.............152 132 1|
|0|.............000 000 0|
|0|.............000 000 0|
|0|.............180 062 1|
|0|.............000 000 0|
|0|.............000 000 0|
|0|.............174 132 1|
|0|.............000 000 0|
|0|.............000 000 0|
|0|.............048 098 1|
|0|.............000 000 0|
|0|.............000 000 0|
|0|.............096 062 1|
|0|.............000 000 0|
|0|.............000 000 0|
|0|.............140 062 1|
|0|.............000 000 0|
|0|.............000 000 0|
|0|.............160 176 1|
|0|.............000 000 0|
|0|.............000 000 0|
|0|.............076 062 1|
|0|.............000 000 0|
|0|.............000 000 0|
|0|.............088 132 1|
|0|.............000 000 0|
|0|.............000 000 0|
|0|.............222 062 1|
|0|.............000 000 0|
|0|.............000 000 0|
|0|.............216 098 1|
|0|.............000 000 0|
|0|.............000 000 0|
|0|.............202 062 1|
|0|.............000 000 0|
|0|.............000 000 0|
|0|.............070 098 1|
|0|.............000 000 0|
|0|.............000 000 0|
|0|.............180 062 1|
|0|.............000 000 0|
|0|.............000 000 0|
|0|.............130 132 1|
|0|.............000 000 0|
|0|.............000 000 0|
|0|.............076 062 1|
|0|.............000 000 0|
|0|.............000 000 0|
|0|.............070 098 1|
|0|.............000 000 0|
|0|.............000 000 0|
|0|.............242 176 1|
|0|.............000 000 0| * BINARY EXPLOSIVES has been typed *
|0|.............000 000 0|
|0|.............000 000 0|
|0|.............000 000 0|
|0|.............000 000 0|
|0|.............000 000 0|
|0|.............000 000 0|
|0|.............000 000 0|
|0|.............000 000 0|
|0|.............000 000 0|
|0|.............000 000 0|
|0|.............000 000 0|
|0|.............000 000 0|
|0|.............000 000 0|
|0|.............000 000 0|
|0|.............000 000 0|
|0|.............000 000 0|
|0|.............000 000 0|
|0|.............000 000 0|
|0|.............000 000 0|
|0|.............000 000 0|
|0|.............000 000 0|
|0|.............000 000 0|
|0|.............000 000 0|
|0|.............000 000 0|
|0|.............000 000 0|
|0|.............000 000 0|
|0|.............000 000 0|
|0|.............000 000 0|
|0|.............000 000 0|
|0|.............000 000 0|
|0|.............000 000 0|
|0|.............000 000 0|
|0|.............000 000 0|
|0|.............000 000 0|
|0|.............000 000 0|
|0|.............000 000 0|
|0|.............000 000 0|
|0|.............000 000 0|
|0|.............000 000 0|
|0|.............000 000 0|
|0|.............000 000 0|
|0|.............128 081 1|
|0|.............128 081 1|
|0|.............040 091 1|
|0|.............040 091 1|
|0|.............040 091 1|
|0|.............040 091 1|
|0|.............040 091 1|
|0|.............000 000 0|
|0|.............000 000 0|
|0|.............000 000 0|
|0|.............000 000 0|
|0|.............000 000 0|
|0|.............000 000 0|
|0|.............056 097 1|
|0|.............056 097 1|
|0|.............000 000 0|
|0|.............000 000 0|
|0|.............000 000 0|
|0|.............000 000 0|
|0|.............255 103 1|
|0|.............255 103 1|
|0|.............255 103 1|
|0|.............255 103 1|
|0|.............255 103 1|
|0|.............255 103 1|
|0|.............255 103 1|
|0|.............255 103 1|
|0|.............255 103 1|
|0|.............255 103 1|
|0|.............255 103 1|
|0|.............255 103 1|
|0|.............255 103 1|
|0|.............255 103 1|
|0|.............255 103 1|
|0|.............255 103 1|
|0|.............255 103 1|
|0|.............255 103 1|
|0|.............255 103 1|
|0|.............255 103 1|
|0|.............255 103 1|
|0|.............255 103 1|
|0|.............255 103 1|
|0|.............255 103 1|
|0|.............255 103 1|
|0|.............255 103 1|
|0|.............255 103 1|
|0|.............255 103 1|
|0|.............255 103 1|
|0|.............255 103 1|
|0|.............255 103 1|
|0|.............255 103 1|
|0|.............255 103 1|
|0|.............255 103 1|
|0|.............255 103 1|
|0|.............255 103 1|
|0|.............255 103 1|
|0|.............255 103 1|
|0|.............255 103 1|
|0|.............255 103 1|
|0|.............255 103 1|
|0|.............255 103 1|
|0|.............255 103 1|
|0|.............255 103 1|
|0|.............255 103 1|
|0|.............255 103 1|
|0|.............255 103 1|
|0|.............255 103 1|
|0|.............255 103 1|
|0|.............255 103 1|
|0|.............255 103 1|
|0|.............255 103 1|
|0|.............255 103 1|
|0|.............255 103 1|
|0|.............255 103 1|
|0|.............255 103 1|
|0|.............255 103 1|
|0|.............255 103 1|
|0|.............255 103 1|
|0|.............000 095 1|
|0|.............000 095 1|
|0|.............000 000 0|
|0|.............000 000 0|
|0|.............000 000 0|
|0|.............000 000 0|
|0|.............000 000 0|
|0|.............000 000 0|
|0|.............000 000 0|
|0|.............000 000 0|
|0|.............000 000 0|
|0|.............000 000 0|
|0|.............000 000 0|
|0|.............000 000 0|
|0|.............000 000 0|
|0|.............000 000 0|
|0|.............000 000 0|
|0|.............000 000 0|
|0|.............000 000 0|
|0|.............000 000 0|
|0|.............000 000 0|
|0|.............000 000 0|
|0|.............000 000 0|
|0|.............000 000 0|
|0|.............000 000 0|
|0|.............000 000 0|
|0|.............000 000 0|
|0|.............000 000 0|
|0|.............000 000 0|
|0|.............000 000 0|
|0|.............000 000 0|
|0|.............000 000 0|
|0|.............000 000 0|
|0|.............000 000 0|
|0|.............000 000 0|
|0|.............000 000 0|
|0|.............000 000 0|
|0|.............000 000 0|
|0|.............000 000 0|
|0|.............000 000 0|
|0|.............000 000 0|
|0|.............000 000 0|
|0|.............000 000 0|
|0|.............000 000 0|
|0|.............000 000 0|
|0|.............000 000 0|
|0|.............000 000 0|
|0|.............000 000 0|
|0|.............000 000 0|
|0|.............000 000 0|
|0|.............000 000 0|
|0|.............000 000 0|
|0|.............000 000 0|
|0|.............000 000 0|
|0|.............000 000 0|
|0|.............000 000 0|
|0|.............000 000 0|
|0|.............000 000 0|
|0|.............000 000 0|
|0|.............000 000 0|
|0|.............000 000 0|
|0|.............000 000 0|
|0|.............000 000 0|
|0|.............000 000 0|
|0|.............000 000 0|
|0|.............000 000 0|
|0|.............000 000 0|
|0|.............000 000 0|
|0|.............000 000 0|
|0|.............000 000 0|
|0|.............000 000 0|
|0|.............000 000 0|
|0|.............000 000 0|
|0|.............000 000 0|
|0|.............000 000 0|
|0|.............000 000 0|
|0|.............000 000 0|
|0|.............000 000 0|
|0|.............000 000 0|
|0|.............000 000 0|
|0|.............000 000 0|
|0|.............000 000 0|
|0|.............000 000 0|
|0|.............000 000 0|
|0|.............000 000 0|
|0|.............000 000 0|
|0|.............000 000 0|
|0|.............000 000 0|
|0|.............000 000 0|
|0|.............000 000 0|
|0|.............000 000 0|
|0|.............000 000 0|
|0|.............000 000 0|
|0|.............000 000 0|
|0|.............000 000 0|
|0|.............000 000 0|
|0|.............000 000 0|
|0|.............000 000 0|
|0|.............000 000 0|
|0|.............000 000 0|
|0|.............000 000 0|
|0|.............000 000 0|
|0|.............000 000 0|
|0|.............000 000 0|
|0|.............000 000 0|
|0|.............000 000 0|
|0|.............000 000 0|
|0|.............000 000 0|
|0|.............000 000 0|
|0|.............000 000 0|
|0|.............000 000 0|
|0|.............000 000 0|
|0|.............000 000 0|
|0|.............000 000 0|
|0|.............000 000 0|
|0|.............000 000 0|
|0|.............000 000 0|
|0|.............000 000 0|
|0|.............000 000 0|
|0|.............000 000 0|
|0|.............000 000 0|
|0|.............000 000 0|
|0|.............000 000 0|
|0|.............000 000 0|
|0|.............000 000 0|
|0|.............000 000 0|
|0|.............000 000 0|
|0|.............000 000 0|
|0|.............000 000 0|
|0|.............000 000 0|
|0|.............000 000 0|
|0|.............000 000 0|
|0|.............000 000 0|
|0|.............000 000 0|
|0|.............000 000 0|
|0|.............000 000 0|
|0|.............000 000 0|
|0|.............000 000 0|
|0|.............000 000 0|
|0|.............000 000 0|
|0|.............000 000 0|
|0|.............000 000 0|
|0|.............000 000 0|
|0|.............000 000 0|
|0|.............000 000 0|
|0|.............000 000 0|
|0|.............000 000 0|
|0|.............000 000 0|
|0|.............000 000 0|
|0|.............000 000 0|
|0|.............000 000 0|
|0|.............000 000 0|
|0|.............000 000 0|
|0|.............000 000 0|
|0|.............000 000 0|
|0|.............000 000 0|
|0|.............000 000 0|
|0|.............000 000 0|
|0|.............000 000 0|
|0|.............000 000 0|
|0|.............000 000 0|
|0|.............000 000 0|
|0|.............000 000 0|
|0|.............000 000 0|
|0|.............000 000 0|
|0|.............000 000 0|
|0|.............000 000 0|
|0|.............000 000 0|
|0|.............000 000 0|
|0|.............000 000 0|
|0|.............000 000 0|
|0|.............000 000 0|
|0|.............000 000 0|
|0|.............000 000 0|
|0|.............000 000 0|
|0|.............000 000 0|
|0|.............000 000 0|
|0|.............000 000 0|
|0|.............000 000 0|
|0|.............000 000 0|
|0|.............000 000 0|
|0|.............000 000 0|
|0|.............000 000 0|
|0|.............000 000 0|
|0|.............000 000 0|
|0|.............000 000 0|
|0|.............000 000 0|
|0|.............000 000 0|
|0|.............000 000 0|
|0|.............000 000 0|
|0|.............000 000 0|
|0|.............000 000 0|
|0|.............000 000 0|
|0|.............000 000 0|
|0|.............000 000 0|
|0|.............000 000 0|
|0|.............000 000 0|
|0|.............000 000 0|
|0|.............000 000 0|
|0|.............000 000 0|
|0|.............000 000 0|
|0|.............000 000 0|
|0|.............000 000 0|
|0|.............000 000 0|
|0|.............000 000 0|
|0|.............000 000 0|
|0|.............000 000 0|
|0|.............000 000 0|
|0|.............000 000 0|
|0|.............000 000 0|
|0|.............000 000 0|
|0|.............000 000 0|
|0|.............000 000 0|
|0|.............000 000 0|
|0|.............000 000 0|
|0|.............000 000 0|
|0|.............000 000 0|
|0|.............000 000 0|
|0|.............000 000 0|
|0|.............000 000 0|
|0|.............000 000 0|
|0|.............000 000 0|
|0|.............000 000 0|
|0|.............000 000 0|
|0|.............000 000 0|
|0|.............000 000 0|
|0|.............000 000 0|
|0|.............000 000 0|
|0|.............000 000 0|
|0|.............000 000 0|
|0|.............000 000 0|
|0|.............000 000 0|
|0|.............000 000 0|
|0|.............000 000 0|
|0|.............000 000 0|
|0|.............000 000 0|
|0|.............000 000 0|
|0|.............000 000 0|
|0|.............000 000 0|
|0|.............000 000 0|
|0|.............000 000 0|
|0|.............000 000 0|
|0|.............000 000 0|
|0|.............000 000 0|
|0|.............000 000 0|
|0|.............000 000 0|
|0|.............000 000 0|
|0|.............000 000 0|
|0|.............000 000 0|
|0|.............000 000 0|
|0|.............000 000 0|
|0|.............000 000 0|
|0|.............000 000 0|
|0|.............000 000 0|
|0|.............000 000 0|
|0|.............000 000 0|
|0|.............000 000 0|
|0|.............000 000 0|
|0|.............000 000 0|
|0|.............000 000 0|
|0|.............000 000 0|
|0|.............000 000 0|
|0|.............000 000 0|
|0|.............000 000 0|
|0|.............000 000 0|
|0|.............000 000 0|
|0|.............000 000 0|
|0|.............000 000 0|
|0|.............000 000 0|
|0|.............000 000 0|
|0|.............000 000 0|
|0|.............030 176 1|
|0|.............030 176 1|
|0|.............030 176 1|
|0|.............030 176 1|
|0|.............030 176 1|
|0|.............030 176 1|
|0|.............030 176 1|
|0|.............030 176 1|
|0|.............030 176 1|
|0|.............030 176 1|
|0|.............030 176 1|
|0|.............030 176 1|
|0|.............030 176 1|
|0|.............030 176 1|
|0|.............030 176 1|
|0|.............030 176 1|
|0|.............030 176 1|
|0|.............030 176 1|
|0|.............030 176 1|
|0|.............030 176 1|
|0|.............030 176 1|
|0|.............030 176 1|
|0|.............030 176 1|
|0|.............030 176 1|
|0|.............030 176 1|
|0|.............030 176 1|
|0|.............030 176 1|
|0|.............030 176 1|
|0|.............030 176 1|
|0|.............030 176 1|
|0|.............030 176 1|
|0|.............030 176 1|
|0|.............030 176 1|
|0|.............030 176 1|
|0|.............030 176 1|
|0|.............030 176 1|
|0|.............030 176 1|
|0|.............030 176 1|
|0|.............030 176 1|
|0|.............030 176 1|
|0|.............030 176 1|
|0|.............030 176 1|
|0|.............030 176 1|
|0|.............030 176 1|
|0|.............030 176 1|
|0|.............030 176 1|
|0|.............030 176 1|
|0|.............030 176 1|
|0|.............030 176 1|
|0|.............030 176 1|
|0|.............030 176 1|
|0|.............030 176 1|
|0|.............030 176 1|
|0|.............030 176 1|
|0|.............030 176 1|
|0|.............030 176 1|
|0|.............030 176 1|
|0|.............030 176 1|
|0|.............030 176 1|
|0|.............030 176 1|
|0|.............030 176 1|
|0|.............030 176 1|
|0|.............030 176 1|
|0|.............000 000 0|
|0|.............000 000 0|
|0|.............000 000 0|
|0|.............000 000 0|
|0|.............000 000 0|
|0|.............000 000 0|
|0|.............000 000 0|
|0|.............000 000 0|
|0|.............000 000 0|
|0|.............000 000 0|
|0|.............000 000 0|
|0|.............000 000 0|
|0|.............000 000 0|
|0|.............000 000 0|
|0|.............000 000 0|
|0|.............000 000 0|
|0|.............000 000 0|
|0|.............000 000 0|
|0|.............000 000 0|
|0|.............000 000 0|
|0|.............000 000 0|
|0|.............000 000 0|
|0|.............000 000 0|
|0|.............000 000 0|
|0|.............000 000 0|
|0|.............000 000 0|
|0|.............000 000 0|
|0|.............000 000 0|
|0|.............000 000 0|
|0|.............000 000 0|
|0|.............000 000 0|
|0|.............000 000 0|
|0|.............000 000 0|
|0|.............000 000 0|
|0|.............000 000 0|
|0|.............000 000 0|
|0|.............000 000 0|
|0|.............000 000 0|
|0|.............000 000 0|
|0|.............000 000 0|
|0|.............000 000 0|
|0|.............000 000 0|
|0|.............000 000 0|
|0|.............000 000 0|
|0|.............255 103 1|
|0|.............255 103 1|
|0|.............255 103 1|
|0|.............255 103 1|
|0|.............255 103 1|
|0|.............255 103 1|
|0|.............255 103 1|
|0|.............255 103 1|
|0|.............255 103 1|
|0|.............255 103 1|
|0|.............255 103 1|
|0|.............255 103 1|
|0|.............255 103 1|
|0|.............255 103 1|
|0|.............255 103 1|
|0|.............255 103 1|
|0|.............255 103 1|
|0|.............255 103 1|
|0|.............255 103 1|
|0|.............255 103 1|
|0|.............255 103 1|
|0|.............255 103 1|
|0|.............255 103 1|
|0|.............255 103 1|
|0|.............255 103 1|
|0|.............255 103 1|
|0|.............255 103 1|
|0|.............255 103 1|
|0|.............255 103 1|
|0|.............255 103 1|
|0|.............255 103 1|
|0|.............255 103 1|
|0|.............255 103 1|
|0|.............255 103 1|
|0|.............255 103 1|
|0|.............255 103 1|
|0|.............255 103 1|
|0|.............255 103 1|
|0|.............255 103 1|
|0|.............255 103 1|
|0|.............255 103 1|
|0|.............255 103 1|
|0|.............255 103 1|
|0|.............255 103 1|
|0|.............255 103 1|
|0|.............255 103 1|
|0|.............255 103 1|
|0|.............255 103 1|
|0|.............255 103 1|
|0|.............255 103 1|
|0|.............255 103 1|
|0|.............255 103 1|
|0|.............255 103 1|
|0|.............255 103 1|
|0|.............255 103 1|
|0|.............255 103 1|
|0|.............255 103 1|
|0|.............255 103 1|
|0|.............255 103 1|
|0|.............255 103 1|
|0|.............255 103 1|
|0|.............255 103 1|
|0|.............255 103 1|
|0|.............255 103 1|
|0|.............255 103 1|
|0|.............255 103 1|
|0|.............255 103 1|
|0|.............255 103 1|
|0|.............255 103 1|
|0|.............255 103 1|
|0|.............255 103 1|
|0|.............255 103 1|
|0|.............255 103 1|
|0|.............255 103 1|
|0|.............255 103 1|
|0|.............255 103 1|
|0|.............255 103 1|
|0|.............255 103 1|
|0|.............255 103 1|
|0|.............255 103 1|
|0|.............255 103 1|
|0|.............255 103 1|
|0|.............255 103 1|
|0|.............255 103 1|
|0|.............255 103 1|
|0|.............255 103 1|
|0|.............255 103 1|
|0|.............255 103 1|
|0|.............255 103 1|
|0|.............255 103 1|
|0|.............255 103 1|
|0|.............255 103 1|
|0|.............255 103 1|
|0|.............000 000 0|
|0|.............000 000 0|
|0|.............000 000 0|
|0|.............000 000 0|
|0|.............000 000 0|
|0|.............000 000 0|
|0|.............000 000 0|
|0|.............000 000 0|
|0|.............000 000 0|
|0|.............000 000 0|
|0|.............000 000 0|
|0|.............000 000 0|
|0|.............236 021 1| * Open notebook *
|0|.............236 021 1|
|0|.............000 000 0|
|0|.............000 000 0|
|0|.............000 000 0|
|0|.............000 000 0|
|0|.............000 000 0|
|0|.............000 000 0|
|0|.............000 000 0|
|0|.............000 000 0|
|0|.............000 000 0|
|0|.............000 000 0|
|0|.............000 000 0|
|0|.............000 000 0|
|0|.............000 000 0|
|0|.............000 000 0|
|0|.............000 000 0|
|0|.............000 000 0|
|0|.............000 000 0|
|0|.............000 000 0|
|0|.............000 000 0|
|0|.............000 000 0|
|0|.............000 000 0|
|0|.............000 000 0|
|0|.............000 000 0|
|0|.............000 000 0|
|0|.............000 000 0|
|0|.............000 000 0|
|0|.............000 000 0|
|0|.............000 000 0|
|0|.............000 000 0|
|0|.............000 000 0|
|0|.............000 000 0|
|0|.............000 000 0|
|0|.............000 000 0|
|0|.............000 000 0|
|0|.............000 000 0|
|0|.............000 000 0|
