|0|.............048 098 1|
|0|.............000 000 0|
|0|.............000 000 0|
|0|.............174 132 1|
|0|.............000 000 0|
|0|.............000 000 0|
|0|.............118 062 1|
|0|.............000 000 0|
|0|.............000 000 0|
|0|.............154 098 1|
|0|.............000 000 0|
|0|.............000 000 0|
|0|.............096 062 1|
|0|.............000 000 0|
|0|.............000 000 0|
|0|.............202 062 1|
|0|.............000 000 0|
|0|.............000 000 0|
|0|.............222 062 1|
|0|.............000 000 0|
|0|.............000 000 0|
|0|.............202 062 1|
|0|.............000 000 0|
|0|.............000 000 0|
|0|.............216 098 1|
|0|.............000 000 0|
|0|.............000 000 0|
|0|.............202 062 1|
|0|.............000 000 0|
|0|.............000 000 0|
|0|.............132 098 1|
|0|.............000 000 0|
|0|.............000 000 0|
|0|.............180 062 1|
|0|.............000 000 0|
|0|.............000 000 0|
|0|.............070 098 1|
|0|.............000 000 0|
|0|.............000 000 0|
|0|.............118 062 1|
|0|.............000 000 0|
|0|.............000 000 0|
|0|.............242 176 1|
|0|.............000 000 0| * ANTHROPOLOGIST has been typed *
|0|.............000 000 0|
|0|.............000 000 0|
|0|.............000 000 0|
|0|.............000 000 0|
|0|.............000 000 0|
|0|.............000 000 0|
|0|.............000 000 0|
|0|.............000 000 0|
|0|.............000 000 0|
|0|.............000 000 0|
|0|.............000 000 0|
|0|.............000 000 0|
|0|.............000 000 0|
|0|.............000 000 0|
|0|.............000 000 0|
|0|.............000 000 0|
|0|.............000 000 0|
|0|.............000 000 0|
|0|.............000 000 0|
|0|.............000 000 0|
|0|.............000 000 0|
|0|.............000 000 0|
|0|.............000 000 0|
|0|.............000 000 0|
|0|.............000 000 0|
|0|.............000 000 0|
|0|.............000 000 0|
|0|.............000 000 0|
|0|.............000 000 0|
|0|.............000 000 0|
|0|.............000 000 0|
|0|.............000 000 0|
|0|.............000 000 0|
|0|.............000 000 0|
|0|.............000 000 0|
|0|.............000 000 0|
|0|.............000 000 0|
|0|.............000 000 0|
|0|.............000 000 0|
|0|.............000 000 0|
|0|.............000 000 0|
|0|.............000 000 0|
|0|.............122 084 1|
|0|.............122 084 1|
|0|.............222 081 1|
|0|.............222 081 1|
|0|.............222 081 1|
|0|.............222 081 1|
|0|.............222 081 1|
|0|.............222 081 1|
|0|.............222 081 1|
|0|.............222 081 1|
|0|.............222 081 1|
|0|.............222 081 1|
|0|.............000 000 0|
|0|.............000 000 0|
|0|.............000 000 0|
|0|.............000 000 0|
|0|.............000 000 0|
|0|.............000 000 0|
|0|.............000 000 0|
|0|.............000 000 0|
|0|.............000 000 0|
|0|.............000 000 0|
|0|.............000 000 0|
|0|.............000 000 0|
|0|.............000 000 0|
|0|.............000 000 0|
|0|.............000 000 0|
|0|.............000 000 0|
|0|.............000 000 0|
|0|.............000 000 0|
|0|.............000 000 0|
|0|.............000 000 0|
|0|.............000 000 0|
|0|.............000 000 0|
|0|.............000 000 0|
|0|.............000 000 0|
|0|.............000 000 0|
|0|.............000 000 0|
|0|.............000 000 0|
|0|.............000 000 0|
|0|.............000 000 0|
|0|.............000 000 0|
|0|.............000 000 0|
|0|.............000 000 0|
|0|.............000 000 0|
|0|.............000 000 0|
|0|.............000 000 0|
|0|.............000 000 0|
|0|.............000 000 0|
|0|.............000 000 0|
|0|.............000 000 0|
|0|.............000 000 0|
|0|.............000 000 0|
|0|.............000 000 0|
|0|.............000 000 0|
|0|.............000 000 0|
|0|.............000 000 0|
|0|.............000 000 0|
|0|.............000 000 0|
|0|.............000 000 0|
|0|.............000 000 0|
|0|.............255 089 1|
|0|.............255 089 1|
|0|.............255 089 1|
|0|.............255 089 1|
|0|.............255 089 1|
|0|.............255 089 1|
|0|.............255 089 1|
|0|.............255 089 1|
|0|.............255 089 1|
|0|.............255 089 1|
|0|.............255 089 1|
|0|.............255 089 1|
|0|.............255 089 1|
|0|.............255 089 1|
|0|.............255 089 1|
|0|.............255 089 1|
|0|.............255 089 1|
|0|.............255 089 1|
|0|.............255 089 1|
|0|.............255 089 1|
|0|.............255 089 1|
|0|.............255 089 1|
|0|.............255 089 1|
|0|.............255 089 1|
|0|.............255 089 1|
|0|.............255 089 1|
|0|.............255 089 1|
|0|.............255 089 1|
|0|.............255 089 1|
|0|.............255 089 1|
|0|.............255 089 1|
|0|.............255 089 1|
|0|.............255 089 1|
|0|.............255 089 1|
|0|.............255 089 1|
|0|.............255 089 1|
|0|.............255 089 1|
|0|.............255 089 1|
|0|.............255 089 1|
|0|.............255 089 1|
|0|.............255 089 1|
|0|.............255 089 1|
|0|.............255 089 1|
|0|.............255 089 1|
|0|.............255 089 1|
|0|.............255 089 1|
|0|.............255 089 1|
|0|.............255 089 1|
|0|.............255 089 1|
|0|.............255 089 1|
|0|.............255 089 1|
|0|.............255 089 1|
|0|.............255 089 1|
|0|.............255 089 1|
|0|.............255 089 1|
|0|.............255 089 1|
|0|.............255 089 1|
|0|.............255 089 1|
|0|.............255 089 1|
|0|.............255 089 1|
|0|.............255 089 1|
|0|.............255 089 1|
|0|.............255 089 1|
|0|.............255 089 1|
|0|.............255 089 1|
|0|.............255 089 1|
|0|.............255 089 1|
|0|.............255 089 1|
|0|.............255 089 1|
|0|.............255 089 1|
|0|.............255 089 1|
|0|.............255 089 1|
|0|.............255 089 1|
|0|.............255 089 1|
|0|.............255 089 1|
|0|.............255 089 1|
|0|.............255 089 1|
|0|.............255 089 1|
|0|.............255 089 1|
|0|.............255 089 1|
|0|.............255 089 1|
|0|.............255 089 1|
|0|.............255 089 1|
|0|.............255 089 1|
|0|.............255 089 1|
|0|.............255 089 1|
|0|.............255 089 1|
|0|.............255 089 1|
|0|.............255 089 1|
|0|.............255 089 1|
|0|.............255 089 1|
|0|.............255 089 1|
|0|.............255 089 1|
|0|.............255 089 1|
|0|.............255 089 1|
|0|.............255 089 1|
|0|.............255 089 1|
|0|.............255 089 1|
|0|.............255 089 1|
|0|.............255 089 1|
|0|.............255 089 1|
|0|.............255 089 1|
|0|.............255 089 1|
|0|.............255 089 1|
|0|.............255 089 1|
|0|.............255 089 1|
|0|.............255 089 1|
|0|.............255 089 1|
|0|.............255 089 1|
|0|.............255 089 1|
|0|.............255 089 1|
|0|.............255 089 1|
|0|.............255 089 1|
|0|.............255 089 1|
|0|.............255 089 1|
|0|.............255 089 1|
|0|.............255 089 1|
|0|.............255 089 1|
|0|.............255 089 1|
|0|.............255 089 1|
|0|.............255 089 1|
|0|.............255 089 1|
|0|.............255 089 1|
|0|.............255 089 1|
|0|.............255 089 1|
|0|.............255 089 1|
|0|.............255 089 1|
|0|.............255 089 1|
|0|.............255 089 1|
|0|.............255 089 1|
|0|.............255 089 1|
|0|.............255 089 1|
|0|.............255 089 1|
|0|.............255 089 1|
|0|.............255 089 1|
|0|.............255 089 1|
|0|.............255 089 1|
|0|.............255 089 1|
|0|.............255 089 1|
|0|.............255 089 1|
|0|.............255 089 1|
|0|.............255 089 1|
|0|.............255 089 1|
|0|.............255 089 1|
|0|.............255 089 1|
|0|.............255 089 1|
|0|.............255 089 1|
|0|.............255 089 1|
|0|.............255 089 1|
|0|.............255 089 1|
|0|.............255 089 1|
|0|.............255 089 1|
|0|.............255 089 1|
|0|.............255 089 1|
|0|.............255 089 1|
|0|.............255 089 1|
|0|.............255 089 1|
|0|.............255 089 1|
|0|.............255 089 1|
|0|.............255 089 1|
|0|.............255 089 1|
|0|.............255 089 1|
|0|.............255 089 1|
|0|.............255 089 1|
|0|.............255 089 1|
|0|.............255 089 1|
|0|.............255 089 1|
|0|.............255 089 1|
|0|.............255 089 1|
|0|.............255 089 1|
|0|.............255 089 1|
|0|.............255 089 1|
|0|.............000 089 1|
|0|.............000 000 0|
|0|.............000 000 0|
|0|.............000 000 0|
|0|.............000 000 0|
|0|.............000 000 0|
|0|.............000 000 0|
|0|.............000 000 0|
|0|.............000 000 0|
|0|.............000 000 0|
|0|.............000 000 0|
|0|.............000 000 0|
|0|.............236 020 1|
|0|.............236 020 1| * Open notebook *
|0|.............000 000 0|
|0|.............000 000 0|
|0|.............000 000 0|
|0|.............000 000 0|
|0|.............000 000 0|
|0|.............000 000 0|
|0|.............000 000 0|
|0|.............000 000 0|
|0|.............000 000 0|
|0|.............000 000 0|
|0|.............000 000 0|
|0|.............000 000 0|
|0|.............000 000 0|
|0|.............000 000 0|
|0|.............000 000 0|
|0|.............000 000 0|
|0|.............000 000 0|
|0|.............000 000 0|
|0|.............000 000 0|
|0|.............000 000 0|
|0|.............000 000 0|
|0|.............000 000 0|
|0|.............000 000 0|
|0|.............000 000 0|
|0|.............000 000 0|
|0|.............000 000 0|
|0|.............000 000 0|
|0|.............000 000 0|
|0|.............000 000 0|
|0|.............000 000 0|
|0|.............000 000 0|
|0|.............000 000 0|
|0|.............000 000 0|
|0|.............000 000 0|
|0|.............000 000 0|
|0|.............000 000 0|
